ticker,date,open,high,low,close
NERV,2014-07-01,48.0,51.04,48.0,48.4
NERV,2014-07-02,48.8,49.2,48.0,48.0
NERV,2014-07-03,48.24,49.76,48.0,49.04
NERV,2014-07-07,49.92,49.92,46.0,47.2
NERV,2014-07-08,46.4,48.64,46.4,47.76
NERV,2014-07-09,47.44,48.48,47.44,47.44
NERV,2014-07-10,46.8,60.32,46.4,53.44
NERV,2014-07-11,56.8,57.04,51.28,52.88
NERV,2014-07-14,52.88,56.0,50.88,54.4
NERV,2014-07-15,54.4,54.4,46.0,46.8
NERV,2014-07-16,47.2,48.72,44.56,48.72
NERV,2014-07-17,48.0,51.2,46.4,50.8
NERV,2014-07-18,50.8,51.2,48.888,51.2
NERV,2014-07-21,51.2,51.2,48.88,50.64
NERV,2014-07-22,50.56,50.56,48.4,49.2
NERV,2014-07-23,50.08,50.4,48.4,48.8
NERV,2014-07-24,48.8,53.6,48.4,52.48
NERV,2014-07-25,50.24,54.8,50.24,54.24
NERV,2014-07-28,55.92,63.12,54.56,60.24
NERV,2014-07-29,63.2,63.2,57.2,57.52
NERV,2014-07-30,56.24,56.784,52.08,52.24
NERV,2014-07-31,52.0,54.8,48.8,50.48
NERV,2014-08-01,50.48,50.48,49.2,50.08
NERV,2014-08-04,53.92,53.92,50.4,53.04
NERV,2014-08-05,51.6,54.4,49.76,49.92
NERV,2014-08-06,49.2,54.64,49.2,54.56
NERV,2014-08-07,54.8,56.0,52.912,56.0
NERV,2014-08-08,50.08,54.776,50.08,52.08
NERV,2014-08-11,52.4,55.28,52.08,52.32
NERV,2014-08-12,54.16,56.8,52.96,55.8
NERV,2014-08-13,56.8,56.8,54.528,54.88
NERV,2014-08-14,55.92,59.36,55.2,55.92
NERV,2014-08-15,58.64,58.72,54.912,58.32
NERV,2014-08-18,57.2,58.4,55.68,55.76
NERV,2014-08-19,55.76,57.2,54.88,55.68
NERV,2014-08-20,54.64,55.52,53.36,53.36
NERV,2014-08-21,53.968,55.68,53.304,54.0
NERV,2014-08-22,55.28,55.36,54.0,54.0
NERV,2014-08-25,54.32,54.64,53.44,54.08
NERV,2014-08-26,53.28,54.64,53.28,54.4
NERV,2014-08-27,54.64,57.6,53.8,55.2
NERV,2014-08-28,55.92,57.6,53.208,55.52
NERV,2014-08-29,56.8,57.52,54.96,56.64
NERV,2014-09-02,56.32,57.12,55.6,56.8
NERV,2014-09-03,56.272,58.4,55.28,56.48
NERV,2014-09-04,57.2,57.92,55.28,57.52
NERV,2014-09-05,57.92,57.92,54.16,56.08
NERV,2014-09-08,57.68,59.92,56.16,59.84
NERV,2014-09-09,58.88,61.6,58.344,61.04
NERV,2014-09-10,60.4,62.72,59.04,61.2
NERV,2014-09-11,61.44,61.6,56.48,60.0
NERV,2014-09-12,62.48,62.48,57.216,60.56
NERV,2014-09-15,57.92,61.76,56.712,60.48
NERV,2014-09-16,59.36,60.32,56.808,58.32
NERV,2014-09-17,57.52,61.2,55.64,56.72
NERV,2014-09-18,57.52,57.52,52.8,52.8
NERV,2014-09-19,52.8,53.84,49.2,49.68
NERV,2014-09-22,50.0,52.0,46.24,46.4
NERV,2014-09-23,46.112,49.12,46.112,47.76
NERV,2014-09-24,47.6,49.12,46.08,46.4
NERV,2014-09-25,46.4,47.2,46.4,46.96
NERV,2014-09-26,46.4,47.44,46.4,47.28
NERV,2014-09-29,46.96,48.72,46.408,48.08
NERV,2014-09-30,48.72,48.8,47.84,48.4
NERV,2014-10-01,47.92,50.0,47.68,49.104
NERV,2014-10-02,47.92,48.8,47.92,48.48
NERV,2014-10-03,48.32,50.0,48.32,50.0
NERV,2014-10-06,48.48,49.728,48.4,48.88
NERV,2014-10-07,48.24,49.28,46.8,47.6
NERV,2014-10-08,46.8,46.8,42.08,43.04
NERV,2014-10-09,43.68,46.08,38.16,40.8
NERV,2014-10-10,41.6,41.6,35.12,36.48
NERV,2014-10-13,36.16,37.736,34.64,37.2
NERV,2014-10-14,35.6,36.8,34.4,36.32
NERV,2014-10-15,35.6,40.816,32.8,34.56
NERV,2014-10-16,34.48,39.384,33.888,36.56
NERV,2014-10-17,37.2,38.88,34.84,35.84
NERV,2014-10-20,35.36,37.44,34.0,34.0
NERV,2014-10-21,35.2,36.8,34.048,36.56
NERV,2014-10-22,38.48,38.72,34.64,34.88
NERV,2014-10-23,36.704,36.704,34.48,35.12
NERV,2014-10-24,35.04,36.4,35.04,35.44
NERV,2014-10-27,35.2,36.88,35.04,35.6
NERV,2014-10-28,35.84,38.56,35.12,36.08
NERV,2014-10-29,37.408,38.0,34.88,35.44
NERV,2014-10-30,35.992,37.68,34.8,34.88
NERV,2014-10-31,35.04,36.432,34.16,35.04
NERV,2014-11-03,34.48,35.44,34.0,34.96
NERV,2014-11-04,34.96,34.96,33.36,34.8
NERV,2014-11-05,34.784,34.88,33.12,34.8
NERV,2014-11-06,34.64,34.72,33.2,34.24
NERV,2014-11-07,34.8,35.28,33.44,33.44
NERV,2014-11-10,33.6,34.88,32.8,33.68
NERV,2014-11-11,34.352,34.96,32.64,33.44
NERV,2014-11-12,33.92,34.464,32.8,33.68
NERV,2014-11-13,34.0,35.6,33.6,33.68
NERV,2014-11-14,37.52,37.584,34.32,34.32
NERV,2014-11-17,34.48,36.616,34.48,36.32
NERV,2014-11-18,35.52,36.4,34.8,34.96
NERV,2014-11-19,34.8,36.0,33.68,34.08
NERV,2014-11-20,33.56,36.208,33.4,35.2
NERV,2014-11-21,34.808,35.44,33.84,34.64
NERV,2014-11-24,34.4,35.92,34.184,35.36
NERV,2014-11-25,35.888,39.68,35.888,37.6
NERV,2014-11-26,37.864,41.656,37.792,38.0
NERV,2014-11-28,39.44,41.12,37.36,37.6
NERV,2014-12-01,38.0,38.64,36.272,38.64
NERV,2014-12-02,40.56,40.56,37.248,37.6
NERV,2014-12-03,36.0,37.76,33.864,36.48
NERV,2014-12-04,37.04,37.04,34.8,35.6
NERV,2014-12-05,36.0,36.16,34.08,35.2
NERV,2014-12-08,35.52,37.52,33.6,37.52
NERV,2014-12-09,36.6,36.952,36.08,36.4
NERV,2014-12-10,37.84,38.24,36.64,37.92
NERV,2014-12-11,37.44,37.84,36.8,36.88
NERV,2014-12-12,36.88,36.96,36.0,36.0
NERV,2014-12-15,36.24,36.96,36.0,36.0
NERV,2014-12-16,36.32,38.56,36.0,36.08
NERV,2014-12-17,37.28,39.12,37.28,38.16
NERV,2014-12-18,38.0,55.28,37.04,38.8
NERV,2014-12-19,38.8,45.92,38.8,45.36
NERV,2014-12-22,45.6,45.6,42.0,42.56
NERV,2014-12-23,44.8,44.8,43.2,43.84
NERV,2014-12-24,43.84,45.52,43.84,45.04
NERV,2014-12-26,44.24,45.6,42.8,44.24
NERV,2014-12-29,43.6,44.32,42.32,44.24
NERV,2014-12-30,43.68,50.4,43.328,49.04
NERV,2014-12-31,49.04,50.0,46.64,48.16
NERV,2015-01-02,48.56,49.888,48.16,48.88
NERV,2015-01-05,49.6,49.6,46.48,48.0
NERV,2015-01-06,78.88,80.0,50.64,51.92
NERV,2015-01-07,50.64,51.76,43.6,45.52
NERV,2015-01-08,46.0,47.36,41.44,44.24
NERV,2015-01-09,42.08,45.6,40.0,44.96
NERV,2015-01-12,46.08,46.4,41.92,42.8
NERV,2015-01-13,42.56,44.4,38.88,39.84
NERV,2015-01-14,40.0,40.0,36.64,38.4
NERV,2015-01-15,38.64,38.808,36.08,36.72
NERV,2015-01-16,36.0,37.44,35.36,37.28
NERV,2015-01-20,38.4,38.4,36.8,37.2
NERV,2015-01-21,37.6,37.6,34.08,34.928
NERV,2015-01-22,41.6,42.4,38.48,40.72
NERV,2015-01-23,40.8,42.4,40.48,41.2
NERV,2015-01-26,40.88,41.2,38.4,40.16
NERV,2015-01-27,39.76,41.112,38.56,40.8
NERV,2015-01-28,40.64,40.952,38.8,39.28
NERV,2015-01-29,39.28,39.28,35.84,36.72
NERV,2015-01-30,36.48,36.68,34.56,35.04
NERV,2015-02-02,35.36,35.512,34.4,34.72
NERV,2015-02-03,34.48,35.68,34.0,35.52
NERV,2015-02-04,34.96,35.76,34.08,34.72
NERV,2015-02-05,34.96,38.8,34.0,38.8
NERV,2015-02-06,39.52,40.32,36.64,38.16
NERV,2015-02-09,37.68,39.712,35.584,39.04
NERV,2015-02-10,39.52,39.52,36.64,38.0
NERV,2015-02-11,36.88,38.4,36.88,37.52
NERV,2015-02-12,37.6,38.64,36.0,36.68
NERV,2015-02-13,36.24,38.24,36.08,37.44
NERV,2015-02-17,37.52,39.84,37.44,39.36
NERV,2015-02-18,39.12,45.92,39.12,45.44
NERV,2015-02-19,45.6,46.32,42.48,43.88
NERV,2015-02-20,43.28,43.92,42.56,42.56
NERV,2015-02-23,42.728,42.8,40.08,40.24
NERV,2015-02-24,39.68,40.64,38.48,39.76
NERV,2015-02-25,39.6,43.44,39.52,41.28
NERV,2015-02-26,41.6,41.92,40.424,40.72
NERV,2015-02-27,40.96,42.424,40.16,41.12
NERV,2015-03-02,40.48,42.16,40.08,40.16
NERV,2015-03-03,40.8,41.2,39.84,41.12
NERV,2015-03-04,40.56,42.4,39.92,41.6
NERV,2015-03-05,41.12,45.28,40.48,44.64
NERV,2015-03-06,44.0,44.0,40.64,42.72
NERV,2015-03-09,42.72,43.04,41.2,42.96
NERV,2015-03-10,42.16,42.16,39.76,40.4
NERV,2015-03-11,40.08,40.72,38.8,38.88
NERV,2015-03-12,38.96,39.6,37.2,38.48
NERV,2015-03-13,38.48,43.04,37.68,41.6
NERV,2015-03-16,41.6,47.6,40.96,47.6
NERV,2015-03-17,48.08,51.12,46.56,48.4
NERV,2015-03-18,49.12,51.44,46.0,50.08
NERV,2015-03-19,50.72,51.12,47.6,48.56
NERV,2015-03-20,48.8,49.92,46.0,47.84
NERV,2015-03-23,48.0,48.048,45.76,47.44
NERV,2015-03-24,47.76,47.76,44.88,45.4
NERV,2015-03-25,45.464,45.68,42.0,42.32
NERV,2015-03-26,42.56,43.92,41.6,42.88
NERV,2015-03-27,45.04,45.52,41.6,42.32
NERV,2015-03-30,42.88,42.88,40.4,40.64
NERV,2015-03-31,40.64,41.36,40.0,40.0
NERV,2015-04-01,40.16,40.32,38.0,38.96
NERV,2015-04-02,39.2,39.84,38.84,38.88
NERV,2015-04-06,38.88,42.232,38.88,42.08
NERV,2015-04-07,42.56,42.64,40.16,41.6
NERV,2015-04-08,41.6,42.48,41.52,41.784
NERV,2015-04-09,42.08,43.04,41.36,42.72
NERV,2015-04-10,42.84,43.04,42.0,42.4
NERV,2015-04-13,42.32,42.4,40.96,41.44
NERV,2015-04-14,41.6,42.0,41.36,41.52
NERV,2015-04-15,41.928,42.8,41.856,42.48
NERV,2015-04-16,41.68,47.2,41.68,46.64
NERV,2015-04-17,46.32,46.56,44.64,46.16
NERV,2015-04-20,46.48,46.48,44.8,46.24
NERV,2015-04-21,46.0,46.0,44.88,45.04
NERV,2015-04-22,45.44,46.0,42.8,45.44
NERV,2015-04-23,45.36,46.4,43.84,44.72
NERV,2015-04-24,44.48,46.32,42.984,45.92
NERV,2015-04-27,45.28,45.28,44.0,44.72
NERV,2015-04-28,44.8,44.8,41.6,43.048
NERV,2015-04-29,43.44,43.52,40.952,41.376
NERV,2015-04-30,41.2,41.2,39.72,40.56
NERV,2015-05-01,40.72,40.72,39.72,40.4
NERV,2015-05-04,40.88,41.36,40.8,40.8
NERV,2015-05-05,40.64,41.68,40.64,41.36
NERV,2015-05-06,41.76,41.76,40.8,40.8
NERV,2015-05-07,40.8,41.32,40.8,41.2
NERV,2015-05-08,41.088,42.56,41.048,41.68
NERV,2015-05-11,41.92,42.8,41.128,41.68
NERV,2015-05-12,41.584,41.92,40.88,40.88
NERV,2015-05-13,40.992,41.36,40.0,41.2
NERV,2015-05-14,41.36,41.36,40.44,40.56
NERV,2015-05-15,40.24,41.64,39.44,41.04
NERV,2015-05-18,40.24,40.8,40.16,40.48
NERV,2015-05-19,40.24,40.584,39.44,40.48
NERV,2015-05-20,40.08,41.2,40.0,40.8
NERV,2015-05-21,41.12,41.12,40.4,40.48
NERV,2015-05-22,40.184,40.96,40.16,40.96
NERV,2015-05-26,41.12,41.12,39.28,40.16
NERV,2015-05-27,40.24,40.24,39.36,39.84
NERV,2015-05-28,39.808,40.24,38.96,40.24
NERV,2015-05-29,40.0,40.24,39.28,40.24
NERV,2015-06-01,40.24,40.24,39.44,40.08
NERV,2015-06-02,40.08,40.24,39.04,39.92
NERV,2015-06-03,39.68,40.16,38.48,40.0
NERV,2015-06-04,38.72,41.12,38.72,40.4
NERV,2015-06-05,40.0,41.52,40.0,41.12
NERV,2015-06-08,41.28,44.8,39.44,44.4
NERV,2015-06-09,44.08,46.4,43.52,44.72
NERV,2015-06-10,44.88,45.84,44.52,45.12
NERV,2015-06-11,45.6,47.12,44.96,46.72
NERV,2015-06-12,46.48,46.72,43.68,44.16
NERV,2015-06-15,44.08,45.6,43.608,44.88
NERV,2015-06-16,45.52,46.64,44.0,45.2
NERV,2015-06-17,46.4,47.2,45.68,45.68
NERV,2015-06-18,46.8,46.8,44.64,44.88
NERV,2015-06-19,45.44,45.44,42.0,42.0
NERV,2015-06-22,42.72,45.84,42.72,44.8
NERV,2015-06-23,46.4,46.4,43.144,44.96
NERV,2015-06-24,45.36,45.92,42.88,44.64
NERV,2015-06-25,44.72,47.28,43.36,47.2
NERV,2015-06-26,46.48,48.48,45.6,48.48
NERV,2015-06-29,47.6,47.84,43.2,43.28
NERV,2015-06-30,44.16,46.4,41.76,46.4
NERV,2015-07-01,46.88,47.112,44.08,44.8
NERV,2015-07-02,44.96,44.96,43.36,44.32
NERV,2015-07-06,43.92,44.4,42.832,44.24
NERV,2015-07-07,43.76,44.8,43.568,44.72
NERV,2015-07-08,44.08,44.24,43.04,43.04
NERV,2015-07-09,43.52,45.12,43.36,44.16
NERV,2015-07-10,44.48,45.6,43.84,45.6
NERV,2015-07-13,46.08,46.96,45.44,46.56
NERV,2015-07-14,46.96,47.52,45.36,47.12
NERV,2015-07-15,47.44,48.8,46.32,47.04
NERV,2015-07-16,47.68,47.84,45.44,46.88
NERV,2015-07-17,46.48,51.04,46.4,51.04
NERV,2015-07-20,52.0,52.0,48.96,50.88
NERV,2015-07-21,50.4,50.8,48.144,50.0
NERV,2015-07-22,49.28,51.552,48.48,50.32
NERV,2015-07-23,50.16,50.16,48.64,49.44
NERV,2015-07-24,49.04,49.44,48.0,48.4
NERV,2015-07-27,48.0,48.016,45.72,46.08
NERV,2015-07-28,47.2,47.92,45.768,46.8
NERV,2015-07-29,46.56,46.64,45.6,45.84
NERV,2015-07-30,45.84,46.64,45.68,45.92
NERV,2015-07-31,44.56,46.4,44.56,45.896
NERV,2015-08-03,45.84,45.84,44.64,45.12
NERV,2015-08-04,45.52,45.76,45.12,45.6
NERV,2015-08-05,45.6,49.2,45.36,46.72
NERV,2015-08-06,47.04,48.4,44.4,44.8
NERV,2015-08-07,44.8,45.2,43.68,44.4
NERV,2015-08-10,44.56,46.32,44.0,44.8
NERV,2015-08-11,45.84,45.84,44.08,45.12
NERV,2015-08-12,45.12,45.6,44.64,45.28
NERV,2015-08-13,47.6,47.6,45.44,46.32
NERV,2015-08-14,47.2,47.6,43.28,45.04
NERV,2015-08-17,46.24,49.6,45.36,45.64
NERV,2015-08-18,46.32,47.28,45.76,46.32
NERV,2015-08-19,46.24,46.32,45.088,45.44
NERV,2015-08-20,44.64,46.48,44.0,44.8
NERV,2015-08-21,43.44,44.32,42.32,42.96
NERV,2015-08-24,40.56,44.28,40.08,42.24
NERV,2015-08-25,43.12,44.16,41.216,43.2
NERV,2015-08-26,41.912,43.6,40.96,43.12
NERV,2015-08-27,42.8,44.0,41.84,44.0
NERV,2015-08-28,44.56,44.72,44.0,44.16
NERV,2015-08-31,43.76,45.12,43.76,44.64
NERV,2015-09-01,44.48,47.28,43.768,47.28
NERV,2015-09-02,47.36,49.2,47.04,48.8
NERV,2015-09-03,48.8,48.8,47.84,48.16
NERV,2015-09-04,48.0,48.72,46.32,48.72
NERV,2015-09-08,48.8,49.92,45.84,47.76
NERV,2015-09-09,48.48,49.6,47.68,48.64
NERV,2015-09-10,46.0,48.64,45.92,48.4
NERV,2015-09-11,45.04,48.0,44.8,47.52
NERV,2015-09-14,46.4,47.048,44.0,46.32
NERV,2015-09-15,45.088,46.48,44.72,45.68
NERV,2015-09-16,45.68,47.2,44.64,45.36
NERV,2015-09-17,46.24,46.96,45.44,46.48
NERV,2015-09-18,46.24,48.72,46.24,48.08
NERV,2015-09-21,48.96,49.12,46.08,46.08
NERV,2015-09-22,45.872,47.04,44.0,44.32
NERV,2015-09-23,43.84,46.4,43.68,44.32
NERV,2015-09-24,44.64,47.56,44.64,46.8
NERV,2015-09-25,45.04,46.08,44.8,44.96
NERV,2015-09-28,44.4,47.44,42.16,42.24
NERV,2015-09-29,43.36,46.08,42.48,42.64
NERV,2015-09-30,45.6,45.6,41.76,42.0
NERV,2015-10-01,41.92,43.92,41.76,42.16
NERV,2015-10-02,43.2,43.2,41.76,41.76
NERV,2015-10-05,42.56,44.16,41.84,43.2
NERV,2015-10-06,42.64,43.28,41.76,42.32
NERV,2015-10-07,42.16,43.28,41.76,41.84
NERV,2015-10-08,41.84,42.96,41.84,42.64
NERV,2015-10-09,43.12,43.12,41.92,42.32
NERV,2015-10-12,42.48,42.96,38.24,38.68
NERV,2015-10-13,38.4,40.392,37.6,39.2
NERV,2015-10-14,39.28,39.92,38.4,38.48
NERV,2015-10-15,38.64,40.4,38.64,39.76
NERV,2015-10-16,40.08,40.96,39.36,40.48
NERV,2015-10-19,40.48,43.52,36.808,42.24
NERV,2015-10-20,43.6,43.6,40.72,43.04
NERV,2015-10-21,43.52,43.52,41.04,42.16
NERV,2015-10-22,42.16,42.64,40.88,42.56
NERV,2015-10-23,42.64,42.8,40.44,40.72
NERV,2015-10-26,41.6,42.48,40.08,41.6
NERV,2015-10-27,41.04,42.88,40.176,41.6
NERV,2015-10-28,41.6,42.08,40.8,41.92
NERV,2015-10-29,41.44,42.8,41.12,41.288
NERV,2015-10-30,41.92,42.24,41.2,42.24
NERV,2015-11-02,41.36,44.0,41.36,43.28
NERV,2015-11-03,44.0,44.0,41.68,43.52
NERV,2015-11-04,42.88,43.76,41.2,43.76
NERV,2015-11-05,42.88,43.6,41.2,42.4
NERV,2015-11-06,43.68,43.68,39.84,40.72
NERV,2015-11-09,40.48,40.88,39.92,40.24
NERV,2015-11-10,39.84,42.08,39.84,41.36
NERV,2015-11-11,41.36,42.2,40.8,41.36
NERV,2015-11-12,41.52,42.24,40.32,42.0
NERV,2015-11-13,42.16,42.16,40.56,40.96
NERV,2015-11-16,41.2,42.16,41.2,42.0
NERV,2015-11-17,42.32,43.752,42.072,43.12
NERV,2015-11-18,43.2,43.28,42.4,42.4
NERV,2015-11-19,42.56,43.84,41.2,41.2
NERV,2015-11-20,39.856,41.68,39.856,40.88
NERV,2015-11-23,40.0,40.0,34.16,38.0
NERV,2015-11-24,37.84,41.12,37.84,40.96
NERV,2015-11-25,41.384,42.48,41.36,41.76
NERV,2015-11-27,41.04,42.24,39.2,40.24
NERV,2015-11-30,40.16,40.64,39.928,40.16
NERV,2015-12-01,40.32,40.8,40.0,40.16
NERV,2015-12-02,41.76,41.76,38.88,39.68
NERV,2015-12-03,40.16,40.16,36.8,38.08
NERV,2015-12-04,37.6,37.76,37.28,37.68
NERV,2015-12-07,36.56,36.8,35.36,35.68
NERV,2015-12-08,34.88,38.56,34.64,38.0
NERV,2015-12-09,40.0,40.0,37.28,37.28
NERV,2015-12-10,37.12,39.92,37.12,39.92
NERV,2015-12-11,38.32,39.92,37.12,38.56
NERV,2015-12-14,40.48,40.48,35.52,38.76
NERV,2015-12-15,38.88,39.92,36.48,37.12
NERV,2015-12-16,37.76,42.0,37.04,41.68
NERV,2015-12-17,42.48,43.6,39.68,43.04
NERV,2015-12-18,44.0,45.12,42.16,44.8
NERV,2015-12-21,44.32,49.28,42.64,47.92
NERV,2015-12-22,45.92,48.48,44.4,48.48
NERV,2015-12-23,48.0,48.0,44.0,46.72
NERV,2015-12-24,47.6,48.0,45.92,46.92
NERV,2015-12-28,46.4,49.44,46.4,46.64
NERV,2015-12-29,45.84,48.0,44.544,47.52
NERV,2015-12-30,48.64,49.92,44.64,45.48
NERV,2015-12-31,45.68,49.84,45.04,48.56
NERV,2016-01-04,48.0,49.12,46.08,47.04
NERV,2016-01-05,47.6,49.584,46.64,47.2
NERV,2016-01-06,46.56,47.28,45.2,45.52
NERV,2016-01-07,44.96,45.6,43.44,44.0
NERV,2016-01-08,44.24,44.72,43.2,43.52
NERV,2016-01-11,43.2,44.4,40.88,42.96
NERV,2016-01-12,44.32,44.8,41.68,42.08
NERV,2016-01-13,43.12,43.76,39.2,40.0
NERV,2016-01-14,39.44,43.36,37.952,41.12
NERV,2016-01-15,39.52,42.08,38.48,39.04
NERV,2016-01-19,40.72,40.72,35.84,37.04
NERV,2016-01-20,37.04,38.8,35.04,37.68
NERV,2016-01-21,37.2,39.52,37.2,39.44
NERV,2016-01-22,39.76,44.016,39.76,42.24
NERV,2016-01-25,42.4,47.52,41.104,42.72
NERV,2016-01-26,42.4,45.76,40.72,42.88
NERV,2016-01-27,43.12,44.88,41.68,42.36
NERV,2016-01-28,43.04,45.2,40.0,43.48
NERV,2016-01-29,43.12,46.4,41.44,41.6
NERV,2016-02-01,41.2,44.4,40.8,44.16
NERV,2016-02-02,44.56,47.36,43.28,45.2
NERV,2016-02-03,45.76,45.92,41.76,43.44
NERV,2016-02-04,42.88,46.16,42.48,43.44
NERV,2016-02-05,43.68,43.68,41.84,42.8
NERV,2016-02-08,42.32,42.4,40.0,42.08
NERV,2016-02-09,40.72,40.8,37.04,37.68
NERV,2016-02-10,38.08,40.48,37.44,38.0
NERV,2016-02-11,36.32,37.68,35.44,36.8
NERV,2016-02-12,37.2,40.64,37.2,37.44
NERV,2016-02-16,37.84,40.48,37.84,38.88
NERV,2016-02-17,40.16,40.48,38.8,39.92
NERV,2016-02-18,39.92,42.08,38.568,41.44
NERV,2016-02-19,41.6,41.92,38.56,40.96
NERV,2016-02-22,43.44,43.6,37.04,40.0
NERV,2016-02-23,41.92,41.92,38.72,39.2
NERV,2016-02-24,41.04,41.04,38.72,40.0
NERV,2016-02-25,37.864,41.12,37.864,40.0
NERV,2016-02-26,40.8,40.8,38.56,40.0
NERV,2016-02-29,40.64,41.2,38.96,38.96
NERV,2016-03-01,40.16,42.0,39.76,40.0
NERV,2016-03-02,41.568,41.568,40.16,41.36
NERV,2016-03-03,42.4,42.8,41.4,41.84
NERV,2016-03-04,42.72,42.8,39.76,41.04
NERV,2016-03-07,40.48,42.8,40.48,42.24
NERV,2016-03-08,42.8,42.8,41.28,42.32
NERV,2016-03-09,44.0,45.12,42.8,43.28
NERV,2016-03-10,43.6,44.8,42.8,44.56
NERV,2016-03-11,45.2,47.2,42.8,45.36
NERV,2016-03-14,46.4,47.6,45.52,47.04
NERV,2016-03-15,47.36,47.6,46.624,47.04
NERV,2016-03-16,44.88,46.88,43.04,43.04
NERV,2016-03-17,43.12,45.28,41.28,44.08
NERV,2016-03-18,44.8,49.84,44.64,46.16
NERV,2016-03-21,46.64,49.2,46.24,48.0
NERV,2016-03-22,48.0,50.4,47.92,50.0
NERV,2016-03-23,49.76,49.92,47.68,49.68
NERV,2016-03-24,48.64,49.68,47.04,48.4
NERV,2016-03-28,48.4,49.12,43.28,44.08
NERV,2016-03-29,44.0,46.752,42.64,45.68
NERV,2016-03-30,46.24,47.92,45.52,47.92
NERV,2016-03-31,47.04,49.36,47.04,49.12
NERV,2016-04-01,48.24,50.48,48.08,49.6
NERV,2016-04-04,49.2,51.28,48.16,49.44
NERV,2016-04-05,48.8,50.88,48.8,50.88
NERV,2016-04-06,50.4,51.2,48.48,50.24
NERV,2016-04-07,49.44,50.64,47.616,48.64
NERV,2016-04-08,48.4,49.76,47.92,49.52
NERV,2016-04-11,49.36,51.04,48.96,50.56
NERV,2016-04-12,50.48,51.2,48.16,50.64
NERV,2016-04-13,50.24,51.2,48.88,50.24
NERV,2016-04-14,50.16,51.08,49.28,49.92
NERV,2016-04-15,50.0,50.56,49.704,50.32
NERV,2016-04-18,50.08,52.0,50.0,51.04
NERV,2016-04-19,51.12,51.2,48.0,48.32
NERV,2016-04-20,48.48,49.92,48.48,49.76
NERV,2016-04-21,50.4,51.2,48.8,49.36
NERV,2016-04-22,48.32,51.28,48.32,51.2
NERV,2016-04-25,50.48,52.0,49.84,52.0
NERV,2016-04-26,51.36,51.92,49.2,50.56
NERV,2016-04-27,50.8,51.72,48.48,50.0
NERV,2016-04-28,50.08,51.92,49.2,51.92
NERV,2016-04-29,51.2,51.52,50.0,51.44
NERV,2016-05-02,49.92,51.28,49.92,50.56
NERV,2016-05-03,51.2,55.76,50.16,52.56
NERV,2016-05-04,52.0,55.84,51.04,54.72
NERV,2016-05-05,54.8,55.68,52.88,54.32
NERV,2016-05-06,53.68,54.72,51.288,52.88
NERV,2016-05-09,52.8,54.32,51.68,52.4
NERV,2016-05-10,52.08,52.16,49.44,51.12
NERV,2016-05-11,50.8,50.8,47.68,48.56
NERV,2016-05-12,49.04,49.6,44.4,44.56
NERV,2016-05-13,44.0,45.52,44.0,44.72
NERV,2016-05-16,44.16,46.24,44.08,45.76
NERV,2016-05-17,45.52,45.6,42.504,43.28
NERV,2016-05-18,42.88,43.76,41.68,42.48
NERV,2016-05-19,42.24,42.32,39.92,40.88
NERV,2016-05-20,40.96,40.96,38.0,38.96
NERV,2016-05-23,38.64,39.12,32.0,32.16
NERV,2016-05-24,33.04,33.04,28.88,30.64
NERV,2016-05-25,30.88,30.96,27.6,28.32
NERV,2016-05-26,79.76,105.76,66.08,94.4
NERV,2016-05-27,94.8,97.44,84.8,90.56
NERV,2016-05-31,94.4,99.76,87.2,98.4
NERV,2016-06-01,97.28,116.32,88.8,111.28
NERV,2016-06-02,109.76,126.72,106.56,114.64
NERV,2016-06-03,111.92,114.232,99.68,101.2
NERV,2016-06-06,99.28,105.44,98.64,101.84
NERV,2016-06-07,102.08,104.0,94.08,95.2
NERV,2016-06-08,96.32,96.64,80.56,82.56
NERV,2016-06-09,81.68,89.68,80.8,82.32
NERV,2016-06-10,83.2,86.08,80.08,80.72
NERV,2016-06-13,80.96,82.96,77.76,81.12
NERV,2016-06-14,84.4,86.96,76.0,77.12
NERV,2016-06-15,78.16,83.84,78.16,81.28
NERV,2016-06-16,81.04,86.16,80.8,81.6
NERV,2016-06-17,83.04,84.064,80.48,81.44
NERV,2016-06-20,80.8,89.76,80.0,88.32
NERV,2016-06-21,90.48,90.48,82.88,84.96
NERV,2016-06-22,88.64,91.52,84.56,86.16
NERV,2016-06-23,86.8,90.24,84.16,86.4
NERV,2016-06-24,81.44,85.36,79.04,81.84
NERV,2016-06-27,80.0,81.2,75.04,76.48
NERV,2016-06-28,77.76,81.44,76.08,80.96
NERV,2016-06-29,81.84,83.04,77.68,82.08
NERV,2016-06-30,81.52,83.68,80.0,81.68
NERV,2016-07-01,81.68,84.48,79.92,83.44
NERV,2016-07-05,83.2,83.84,80.0,81.12
NERV,2016-07-06,80.48,86.8,80.0,84.56
NERV,2016-07-07,85.92,88.24,82.72,85.28
NERV,2016-07-08,85.12,86.08,84.08,85.36
NERV,2016-07-11,85.92,89.68,85.32,88.0
NERV,2016-07-12,88.64,89.52,85.6,86.96
NERV,2016-07-13,87.2,88.8,84.4,85.04
NERV,2016-07-14,85.36,85.36,81.28,82.24
NERV,2016-07-15,82.8,85.2,82.24,83.68
NERV,2016-07-18,83.28,85.52,82.64,84.24
NERV,2016-07-19,84.4,84.4,82.32,82.64
NERV,2016-07-20,82.4,86.8,81.84,86.16
NERV,2016-07-21,86.4,89.04,84.24,85.12
NERV,2016-07-22,85.68,87.2,83.6,86.16
NERV,2016-07-25,86.8,95.28,85.76,92.88
NERV,2016-07-26,92.32,95.2,89.176,91.12
NERV,2016-07-27,91.2,95.6,89.6,95.28
NERV,2016-07-28,96.0,97.6,85.208,89.68
NERV,2016-07-29,88.88,90.8,88.16,88.8
NERV,2016-08-01,88.64,91.04,87.2,89.44
NERV,2016-08-02,89.68,90.08,84.728,87.84
NERV,2016-08-03,88.08,90.08,86.96,88.16
NERV,2016-08-04,90.8,91.6,86.64,89.84
NERV,2016-08-05,90.08,95.04,88.48,93.68
NERV,2016-08-08,95.36,97.44,91.08,92.8
NERV,2016-08-09,92.32,93.6,90.008,93.28
NERV,2016-08-10,88.08,89.52,80.08,84.48
NERV,2016-08-11,84.32,86.08,83.28,86.0
NERV,2016-08-12,85.6,98.24,84.96,93.2
NERV,2016-08-15,94.8,96.72,90.912,91.6
NERV,2016-08-16,91.76,105.6,91.76,103.44
NERV,2016-08-17,103.44,104.4,98.992,101.44
NERV,2016-08-18,100.8,108.16,100.16,106.8
NERV,2016-08-19,106.96,106.96,102.64,104.88
NERV,2016-08-22,104.88,109.6,102.48,103.76
NERV,2016-08-23,104.48,105.44,102.08,103.28
NERV,2016-08-24,102.8,106.16,95.68,97.44
NERV,2016-08-25,97.84,98.88,93.44,95.68
NERV,2016-08-26,95.36,98.64,93.2,96.72
NERV,2016-08-29,96.0,100.0,93.76,98.64
NERV,2016-08-30,98.16,101.76,98.16,99.2
NERV,2016-08-31,99.2,99.2,95.04,97.76
NERV,2016-09-01,97.36,99.12,95.76,98.8
NERV,2016-09-02,98.64,98.64,95.6,97.28
NERV,2016-09-06,97.36,103.28,97.2,102.48
NERV,2016-09-07,102.0,107.76,101.92,107.52
NERV,2016-09-08,106.72,109.2,104.56,107.68
NERV,2016-09-09,106.0,107.52,100.88,103.76
NERV,2016-09-12,102.32,105.2,97.616,104.24
NERV,2016-09-13,102.96,102.96,99.44,101.68
NERV,2016-09-14,102.4,106.72,102.08,104.48
NERV,2016-09-15,103.84,113.12,103.2,111.04
NERV,2016-09-16,110.64,114.56,109.04,114.48
NERV,2016-09-19,115.52,116.4,109.6,110.72
NERV,2016-09-20,111.84,115.92,109.36,115.04
NERV,2016-09-21,114.08,115.6,110.72,114.48
NERV,2016-09-22,115.28,116.0,111.2,114.32
NERV,2016-09-23,114.64,119.36,112.96,114.48
NERV,2016-09-26,114.56,115.592,104.64,112.0
NERV,2016-09-27,112.24,113.76,109.92,112.16
NERV,2016-09-28,112.56,113.76,110.56,113.52
NERV,2016-09-29,112.24,113.12,108.4,109.84
NERV,2016-09-30,111.68,113.76,108.192,112.92
NERV,2016-10-03,113.52,118.64,112.088,113.68
NERV,2016-10-04,113.04,115.44,110.672,113.28
NERV,2016-10-05,114.56,115.28,112.76,113.76
NERV,2016-10-06,114.0,115.76,109.648,112.16
NERV,2016-10-07,112.16,112.32,108.72,110.88
NERV,2016-10-10,111.84,116.72,110.88,114.0
NERV,2016-10-11,112.4,113.12,105.896,106.88
NERV,2016-10-12,106.88,108.0,103.36,104.4
NERV,2016-10-13,103.36,106.4,102.0,103.04
NERV,2016-10-14,103.76,103.76,98.24,99.6
NERV,2016-10-17,99.6,99.6,96.0,98.4
NERV,2016-10-18,99.6,102.4,98.8,100.8
NERV,2016-10-19,100.4,101.04,96.4,99.2
NERV,2016-10-20,98.8,103.6,98.0,102.0
NERV,2016-10-21,101.6,104.8,101.6,102.8
NERV,2016-10-24,103.6,104.0,98.8,100.8
NERV,2016-10-25,100.8,101.2,96.0,96.4
NERV,2016-10-26,100.8,102.0,88.0,90.0
NERV,2016-10-27,90.4,90.496,84.0,85.2
NERV,2016-10-28,84.8,92.8,82.8,88.8
NERV,2016-10-31,90.0,90.8,87.2,89.2
NERV,2016-11-01,89.2,91.2,88.8,90.8
NERV,2016-11-02,90.4,90.8,87.2,88.4
NERV,2016-11-03,79.6,89.6,70.4,75.6
NERV,2016-11-04,76.0,83.2,71.24,81.2
NERV,2016-11-07,82.8,86.0,81.2,84.4
NERV,2016-11-08,84.4,87.2,82.0,84.8
NERV,2016-11-09,87.6,95.6,84.0,94.0
NERV,2016-11-10,96.8,98.8,91.6,95.2
NERV,2016-11-11,95.2,108.4,94.0,108.0
NERV,2016-11-14,110.0,111.6,105.2,110.4
NERV,2016-11-15,108.8,112.0,108.4,111.2
NERV,2016-11-16,110.0,112.6,106.8,108.4
NERV,2016-11-17,108.4,111.6,106.4,111.2
NERV,2016-11-18,110.8,113.2,109.6,111.2
NERV,2016-11-21,110.8,112.4,107.2,110.4
NERV,2016-11-22,110.4,110.552,103.6,109.2
NERV,2016-11-23,106.4,111.2,102.112,110.0
NERV,2016-11-25,110.0,113.2,108.0,112.0
NERV,2016-11-28,111.6,111.6,105.6,108.4
NERV,2016-11-29,108.8,110.0,104.0,107.2
NERV,2016-11-30,107.2,109.2,100.8,103.2
NERV,2016-12-01,103.6,105.6,98.8,100.4
NERV,2016-12-02,99.6,105.6,98.8,104.8
NERV,2016-12-05,105.2,110.0,101.92,106.0
NERV,2016-12-06,105.6,110.0,103.6,108.0
NERV,2016-12-07,105.6,110.0,100.0,101.6
NERV,2016-12-08,100.4,105.0,97.6,104.0
NERV,2016-12-09,105.2,107.6,103.2,107.2
NERV,2016-12-12,106.4,108.0,104.0,107.2
NERV,2016-12-13,107.6,109.6,105.6,108.4
NERV,2016-12-14,108.4,111.4,104.0,107.6
NERV,2016-12-15,107.2,112.0,106.0,107.2
NERV,2016-12-16,107.6,111.6,105.2,106.4
NERV,2016-12-19,106.8,110.0,106.4,107.6
NERV,2016-12-20,107.6,109.0,105.2,107.0
NERV,2016-12-21,106.8,106.8,102.4,102.4
NERV,2016-12-22,102.4,103.2,97.6,99.2
NERV,2016-12-23,98.8,104.4,98.8,102.4
NERV,2016-12-27,102.0,104.0,97.2,98.0
NERV,2016-12-28,98.0,98.4,95.2,95.6
NERV,2016-12-29,95.6,97.4,95.2,95.2
NERV,2016-12-30,95.6,96.0,93.2,94.0
NERV,2017-01-03,95.2,95.6,93.2,94.0
NERV,2017-01-04,94.4,100.8,92.0,98.8
NERV,2017-01-05,98.8,99.6,95.6,97.2
NERV,2017-01-06,97.6,100.4,95.6,96.4
NERV,2017-01-09,99.6,100.4,94.8,98.8
NERV,2017-01-10,99.6,99.6,94.4,97.2
NERV,2017-01-11,96.4,96.4,90.0,91.2
NERV,2017-01-12,90.0,92.6,88.8,91.6
NERV,2017-01-13,91.6,95.2,91.6,92.8
NERV,2017-01-17,91.6,91.6,86.8,87.6
NERV,2017-01-18,88.0,88.0,85.6,86.8
NERV,2017-01-19,86.8,87.6,83.2,84.0
NERV,2017-01-20,87.2,89.6,84.0,84.8
NERV,2017-01-23,84.4,85.2,80.4,82.0
NERV,2017-01-24,81.6,83.6,80.4,82.4
NERV,2017-01-25,82.8,84.0,80.8,81.6
NERV,2017-01-26,81.6,85.6,79.6,82.8
NERV,2017-01-27,82.4,87.072,81.2,86.0
NERV,2017-01-30,85.6,85.6,82.4,82.8
NERV,2017-01-31,82.0,86.0,80.0,84.8
NERV,2017-02-01,85.2,87.2,82.4,84.0
NERV,2017-02-02,83.6,86.8,81.264,85.6
NERV,2017-02-03,86.4,89.2,84.0,88.0
NERV,2017-02-06,87.2,88.8,85.4,87.6
NERV,2017-02-07,87.6,88.0,81.2,81.2
NERV,2017-02-08,80.0,84.0,77.2,79.6
NERV,2017-02-09,79.2,81.6,78.8,79.6
NERV,2017-02-10,80.0,83.6,78.4,80.0
NERV,2017-02-13,80.4,84.8,79.6,82.0
NERV,2017-02-14,81.6,87.2,81.2,84.8
NERV,2017-02-15,84.0,84.2,79.2,80.4
NERV,2017-02-16,80.0,80.8,77.2,79.6
NERV,2017-02-17,79.6,80.0,76.8,79.2
NERV,2017-02-21,79.6,80.0,74.8,75.2
NERV,2017-02-22,75.6,76.0,73.0,74.0
NERV,2017-02-23,74.4,74.8,69.2,70.0
NERV,2017-02-24,69.6,70.8,68.4,69.2
NERV,2017-02-27,68.8,72.4,68.8,70.4
NERV,2017-02-28,70.4,72.0,69.2,70.0
NERV,2017-03-01,70.8,73.6,68.4,69.6
NERV,2017-03-02,69.6,70.8,63.6,65.2
NERV,2017-03-03,66.0,68.0,62.8,66.4
NERV,2017-03-06,67.6,74.2,67.2,70.4
NERV,2017-03-07,70.4,72.0,68.0,69.2
NERV,2017-03-08,69.2,71.2,68.0,69.2
NERV,2017-03-09,69.2,70.4,66.8,67.6
NERV,2017-03-10,68.8,70.0,67.2,69.6
NERV,2017-03-13,70.4,71.2,66.8,69.2
NERV,2017-03-14,68.4,69.2,66.8,68.0
NERV,2017-03-15,68.0,69.2,66.6,68.0
NERV,2017-03-16,67.6,69.2,66.0,67.2
NERV,2017-03-17,66.8,67.6,65.2,65.2
NERV,2017-03-20,65.2,65.6,60.0,62.0
NERV,2017-03-21,63.2,65.6,60.8,61.2
NERV,2017-03-22,60.8,62.8,60.4,62.0
NERV,2017-03-23,62.0,63.6,59.2,62.0
NERV,2017-03-24,62.0,62.6,60.0,60.8
NERV,2017-03-27,60.4,68.0,60.0,67.6
NERV,2017-03-28,68.0,70.8,66.0,69.2
NERV,2017-03-29,69.6,72.4,69.056,70.8
NERV,2017-03-30,70.8,71.6,64.8,65.6
NERV,2017-03-31,66.0,67.6,64.8,64.8
NERV,2017-04-03,65.2,67.2,64.0,64.0
NERV,2017-04-04,63.6,64.8,57.2,59.6
NERV,2017-04-05,60.0,61.6,58.4,60.0
NERV,2017-04-06,59.6,60.0,58.0,59.6
NERV,2017-04-07,59.2,59.6,58.0,59.2
NERV,2017-04-10,58.8,59.6,58.0,58.4
NERV,2017-04-11,58.0,59.6,57.6,58.8
NERV,2017-04-12,58.4,59.6,57.2,58.0
NERV,2017-04-13,57.2,59.6,57.2,58.0
NERV,2017-04-17,57.6,59.6,57.6,58.0
NERV,2017-04-18,57.6,58.4,55.2,56.8
NERV,2017-04-19,57.2,58.8,55.6,57.6
NERV,2017-04-20,58.4,58.6,55.2,56.0
NERV,2017-04-21,56.0,56.4,53.6,54.4
NERV,2017-04-24,55.2,55.2,52.8,54.0
NERV,2017-04-25,53.6,57.6,53.6,56.8
NERV,2017-04-26,56.8,61.2,56.8,61.2
NERV,2017-04-27,61.6,62.4,60.6,61.6
NERV,2017-04-28,61.6,62.0,60.0,60.8
NERV,2017-05-01,60.8,62.0,58.4,59.6
NERV,2017-05-02,60.0,61.2,57.2,58.0
NERV,2017-05-03,57.6,58.4,53.6,54.0
NERV,2017-05-04,53.6,56.0,52.0,52.8
NERV,2017-05-05,53.2,53.2,52.0,52.8
NERV,2017-05-08,52.4,54.8,52.0,54.4
NERV,2017-05-09,55.2,55.2,53.6,54.4
NERV,2017-05-10,54.0,57.6,54.0,56.0
NERV,2017-05-11,55.6,56.8,54.0,56.0
NERV,2017-05-12,56.0,61.6,56.0,60.0
NERV,2017-05-15,64.4,68.0,62.4,66.4
NERV,2017-05-16,66.8,66.8,63.2,64.0
NERV,2017-05-17,64.0,64.28,61.4,62.8
NERV,2017-05-18,63.2,65.6,62.8,64.8
NERV,2017-05-19,64.8,66.0,64.0,64.0
NERV,2017-05-22,64.0,64.4,60.4,61.2
NERV,2017-05-23,60.8,61.2,57.2,58.4
NERV,2017-05-24,58.0,59.6,57.6,58.8
NERV,2017-05-25,58.8,62.0,58.0,61.2
NERV,2017-05-26,60.8,66.8,60.8,66.4
NERV,2017-05-30,66.8,70.0,62.4,68.4
NERV,2017-05-31,68.4,69.6,64.4,66.0
NERV,2017-06-01,75.6,89.2,73.2,80.0
NERV,2017-06-02,79.6,84.0,76.8,79.6
NERV,2017-06-05,80.4,81.6,72.4,76.0
NERV,2017-06-06,74.8,75.8,72.0,73.6
NERV,2017-06-07,74.0,76.4,70.8,71.6
NERV,2017-06-08,72.4,74.4,70.4,74.0
NERV,2017-06-09,74.4,76.8,72.0,72.8
NERV,2017-06-12,72.4,75.6,72.4,74.0
NERV,2017-06-13,73.6,76.408,73.2,76.4
NERV,2017-06-14,76.0,78.4,76.0,77.2
NERV,2017-06-15,77.2,78.8,74.8,77.2
NERV,2017-06-16,76.4,78.4,75.8,77.6
NERV,2017-06-19,78.4,80.8,78.4,79.2
NERV,2017-06-20,79.6,81.2,75.6,77.6
NERV,2017-06-21,78.0,79.6,74.8,77.6
NERV,2017-06-22,77.6,80.4,76.2,76.4
NERV,2017-06-23,76.4,79.2,74.92,76.0
NERV,2017-06-26,76.4,76.4,72.4,74.4
NERV,2017-06-27,74.4,74.4,68.8,68.8
NERV,2017-06-28,66.4,69.2,62.8,63.6
NERV,2017-06-29,64.0,70.8,63.6,70.0
NERV,2017-06-30,70.0,73.2,67.6,70.8
NERV,2017-07-03,71.2,78.0,71.2,77.2
NERV,2017-07-05,80.8,81.2,75.6,77.2
NERV,2017-07-06,76.0,79.2,75.68,76.4
NERV,2017-07-07,77.2,78.0,73.2,73.2
NERV,2017-07-10,73.2,73.6,67.6,69.2
NERV,2017-07-11,68.8,70.4,67.2,70.0
NERV,2017-07-12,70.4,71.4,69.2,70.0
NERV,2017-07-13,70.8,71.4,68.4,70.8
NERV,2017-07-14,70.4,71.2,68.0,68.8
NERV,2017-07-17,68.8,69.6,65.2,65.6
NERV,2017-07-18,66.0,67.2,64.8,66.0
NERV,2017-07-19,66.8,68.8,64.8,65.6
NERV,2017-07-20,65.2,66.4,64.0,65.6
NERV,2017-07-21,66.0,66.0,62.0,62.8
NERV,2017-07-24,63.6,63.6,61.2,62.4
NERV,2017-07-25,62.8,64.8,60.8,61.2
NERV,2017-07-26,61.2,62.0,59.2,59.6
NERV,2017-07-27,59.2,60.0,53.6,54.0
NERV,2017-07-28,54.4,55.2,52.0,52.8
NERV,2017-07-31,53.2,54.8,51.2,53.2
NERV,2017-08-01,53.6,58.0,52.4,56.8
NERV,2017-08-02,56.0,56.0,52.0,53.6
NERV,2017-08-03,54.0,54.0,49.6,51.2
NERV,2017-08-04,50.8,54.8,50.368,52.8
NERV,2017-08-07,52.8,55.0,52.776,53.6
NERV,2017-08-08,53.8,54.448,52.4,53.6
NERV,2017-08-09,52.8,54.0,51.6,53.6
NERV,2017-08-10,53.2,54.0,50.4,52.8
NERV,2017-08-11,53.2,56.0,51.2,52.0
NERV,2017-08-14,52.0,54.4,51.44,53.2
NERV,2017-08-15,53.6,53.6,51.2,52.8
NERV,2017-08-16,52.8,53.2,50.0,51.2
NERV,2017-08-17,51.2,51.6,48.8,48.8
NERV,2017-08-18,48.0,50.4,46.8,47.6
NERV,2017-08-21,48.0,48.0,46.0,46.8
NERV,2017-08-22,46.8,48.0,44.4,45.6
NERV,2017-08-23,45.6,47.6,44.8,47.2
NERV,2017-08-24,47.2,48.0,45.6,46.4
NERV,2017-08-25,47.2,47.92,46.0,46.8
NERV,2017-08-28,47.2,48.8,46.8,47.6
NERV,2017-08-29,48.4,49.2,46.8,48.8
NERV,2017-08-30,49.2,50.0,48.8,49.2
NERV,2017-08-31,49.2,50.4,47.8,48.4
NERV,2017-09-01,50.0,56.0,49.6,51.6
NERV,2017-09-05,51.6,54.0,50.8,52.0
NERV,2017-09-06,52.8,56.256,51.6,56.0
NERV,2017-09-07,56.8,58.0,55.2,57.2
NERV,2017-09-08,57.6,57.6,54.0,55.2
NERV,2017-09-11,55.2,55.2,54.4,54.8
NERV,2017-09-12,54.8,62.8,54.4,59.2
NERV,2017-09-13,59.6,61.2,56.4,58.4
NERV,2017-09-14,58.8,59.6,56.8,58.8
NERV,2017-09-15,59.2,59.2,57.2,58.0
NERV,2017-09-18,58.4,59.6,56.8,58.4
NERV,2017-09-19,58.0,59.0,56.4,58.8
NERV,2017-09-20,59.2,60.0,56.4,56.8
NERV,2017-09-21,57.2,57.2,54.0,54.8
NERV,2017-09-22,54.0,56.0,54.0,55.2
NERV,2017-09-25,55.2,57.2,54.0,55.6
NERV,2017-09-26,56.0,56.8,54.8,55.6
NERV,2017-09-27,56.4,56.4,55.2,56.0
NERV,2017-09-28,56.0,58.4,55.2,58.4
NERV,2017-09-29,57.6,61.6,57.6,60.8
NERV,2017-10-02,60.8,63.2,60.8,63.2
NERV,2017-10-03,62.8,63.2,59.2,63.2
NERV,2017-10-04,62.4,63.2,60.8,61.6
NERV,2017-10-05,62.4,63.2,60.8,62.4
NERV,2017-10-06,62.4,62.4,59.6,60.4
NERV,2017-10-09,59.6,62.4,59.6,62.0
NERV,2017-10-10,61.6,62.0,59.2,60.0
NERV,2017-10-11,59.6,62.8,59.6,62.0
NERV,2017-10-12,61.6,62.0,57.68,59.6
NERV,2017-10-13,60.0,60.2,57.2,58.0
NERV,2017-10-16,58.8,59.2,56.008,57.2
NERV,2017-10-17,56.4,57.6,55.6,57.2
NERV,2017-10-18,56.8,59.2,56.4,58.8
NERV,2017-10-19,58.4,60.0,55.2,57.2
NERV,2017-10-20,58.0,59.6,56.8,59.6
NERV,2017-10-23,59.2,60.0,57.0,58.0
NERV,2017-10-24,58.8,58.8,54.4,55.2
NERV,2017-10-25,55.2,55.6,52.8,53.2
NERV,2017-10-26,53.2,53.6,49.6,50.4
NERV,2017-10-27,50.8,52.8,49.2,52.0
NERV,2017-10-30,54.4,54.4,51.6,52.0
NERV,2017-10-31,52.8,52.8,50.0,50.4
NERV,2017-11-01,51.2,51.2,47.0,48.0
NERV,2017-11-02,47.6,50.4,47.6,49.2
NERV,2017-11-03,49.2,49.6,47.6,48.0
NERV,2017-11-06,48.0,48.0,44.8,46.0
NERV,2017-11-07,46.4,48.0,42.8,43.2
NERV,2017-11-08,43.6,44.0,40.4,40.8
NERV,2017-11-09,40.0,42.8,39.6,40.0
NERV,2017-11-10,40.0,43.2,39.2,41.6
NERV,2017-11-13,40.8,44.0,39.4,39.6
NERV,2017-11-14,40.0,42.0,38.408,41.2
NERV,2017-11-15,40.4,42.0,40.4,40.8
NERV,2017-11-16,41.2,43.2,40.8,41.6
NERV,2017-11-17,40.8,42.0,40.8,41.6
NERV,2017-11-20,42.4,43.2,41.6,42.0
NERV,2017-11-21,42.0,43.6,40.4,41.6
NERV,2017-11-22,42.0,43.6,41.6,43.2
NERV,2017-11-24,43.2,43.6,42.4,42.8
NERV,2017-11-27,42.4,42.8,41.6,42.0
NERV,2017-11-28,41.6,45.2,41.6,44.8
NERV,2017-11-29,44.8,50.4,44.8,48.4
NERV,2017-11-30,49.2,49.6,45.2,46.0
NERV,2017-12-01,46.0,48.0,42.4,44.4
NERV,2017-12-04,45.2,47.2,44.4,44.8
NERV,2017-12-05,45.2,47.2,41.2,43.2
NERV,2017-12-06,43.2,43.6,40.4,41.6
NERV,2017-12-07,42.0,45.2,41.328,44.8
NERV,2017-12-08,44.8,47.6,44.0,45.6
NERV,2017-12-11,46.0,48.8,46.0,48.4
NERV,2017-12-12,48.4,48.8,45.2,46.8
NERV,2017-12-13,47.2,50.0,47.2,48.8
NERV,2017-12-14,48.4,48.8,45.6,46.0
NERV,2017-12-15,46.8,48.0,44.8,47.6
NERV,2017-12-18,48.0,49.6,46.0,46.4
NERV,2017-12-19,46.8,47.6,44.0,45.2
NERV,2017-12-20,45.6,47.2,44.8,46.4
NERV,2017-12-21,46.4,50.4,45.6,50.0
NERV,2017-12-22,49.6,50.4,47.2,48.4
NERV,2017-12-26,48.8,52.0,47.6,51.2
NERV,2017-12-27,50.8,51.2,48.0,49.2
NERV,2017-12-28,49.6,52.0,48.8,50.8
NERV,2017-12-29,50.4,51.2,48.4,48.4
NERV,2018-01-02,48.8,50.4,48.4,49.6
NERV,2018-01-03,50.0,50.4,48.8,49.2
NERV,2018-01-04,49.6,50.0,47.6,48.4
NERV,2018-01-05,48.4,49.6,47.2,48.0
NERV,2018-01-08,48.0,48.0,44.0,44.4
NERV,2018-01-09,44.8,45.2,42.4,42.8
NERV,2018-01-10,42.4,44.4,41.6,44.0
NERV,2018-01-11,44.4,48.8,43.2,48.4
NERV,2018-01-12,48.4,50.8,47.2,50.0
NERV,2018-01-16,50.8,52.8,48.8,52.0
NERV,2018-01-17,51.2,53.2,48.0,52.4
NERV,2018-01-18,52.8,53.2,49.6,52.4
NERV,2018-01-19,52.4,58.0,51.2,54.4
NERV,2018-01-22,54.4,56.8,52.0,53.2
NERV,2018-01-23,53.2,55.2,52.0,52.8
NERV,2018-01-24,54.4,55.6,52.0,54.4
NERV,2018-01-25,55.2,56.8,54.0,56.0
NERV,2018-01-26,56.8,57.6,52.4,52.8
NERV,2018-01-29,52.4,54.8,48.0,48.8
NERV,2018-01-30,48.4,52.0,47.2,50.0
NERV,2018-01-31,50.0,53.2,50.0,51.2
NERV,2018-02-01,50.8,53.2,49.8,51.6
NERV,2018-02-02,50.8,52.0,48.4,49.6
NERV,2018-02-05,48.8,50.4,45.2,46.0
NERV,2018-02-06,44.4,47.6,42.8,44.8
NERV,2018-02-07,44.8,51.2,44.8,49.2
NERV,2018-02-08,49.6,51.0,45.6,45.6
NERV,2018-02-09,46.4,48.0,41.6,44.4
NERV,2018-02-12,44.4,46.0,42.8,44.4
NERV,2018-02-13,44.0,45.6,43.2,44.8
NERV,2018-02-14,44.0,46.0,43.6,45.2
NERV,2018-02-15,46.0,46.0,43.6,44.0
NERV,2018-02-16,43.6,45.2,42.4,43.6
NERV,2018-02-20,42.8,44.4,41.2,41.4
NERV,2018-02-21,41.2,44.4,40.4,42.4
NERV,2018-02-22,42.8,44.4,40.8,41.6
NERV,2018-02-23,42.0,44.8,41.2,44.4
NERV,2018-02-26,44.8,46.8,44.4,46.0
NERV,2018-02-27,45.2,46.392,43.6,44.0
NERV,2018-02-28,44.0,44.0,41.2,42.0
NERV,2018-03-01,41.6,42.8,40.0,40.4
NERV,2018-03-02,40.4,42.8,40.0,41.6
NERV,2018-03-05,41.6,43.6,41.6,42.8
NERV,2018-03-06,43.2,44.8,41.6,43.6
NERV,2018-03-07,43.6,46.0,43.2,45.6
NERV,2018-03-08,45.6,46.0,44.0,44.4
NERV,2018-03-09,45.2,46.8,43.6,46.0
NERV,2018-03-12,42.8,49.2,42.8,47.6
NERV,2018-03-13,48.4,52.8,48.0,51.6
NERV,2018-03-14,52.0,54.0,50.4,51.6
NERV,2018-03-15,52.0,52.36,50.0,50.8
NERV,2018-03-16,50.4,51.6,49.632,50.4
NERV,2018-03-19,50.4,54.8,48.4,53.2
NERV,2018-03-20,53.6,54.8,50.6,53.2
NERV,2018-03-21,53.6,54.4,50.8,53.6
NERV,2018-03-22,52.8,54.8,51.6,52.0
NERV,2018-03-23,52.0,53.2,50.8,51.2
NERV,2018-03-26,54.0,54.4,50.0,52.0
NERV,2018-03-27,52.0,52.4,48.0,48.4
NERV,2018-03-28,48.8,51.6,47.2,50.8
NERV,2018-03-29,50.8,52.4,49.6,50.0
NERV,2018-04-02,50.0,50.4,47.6,49.6
NERV,2018-04-03,50.0,54.0,48.8,52.8
NERV,2018-04-04,52.0,61.2,51.6,58.8
NERV,2018-04-05,58.8,59.6,54.8,55.2
NERV,2018-04-06,53.2,56.0,52.8,54.4
NERV,2018-04-09,54.8,57.2,53.2,53.2
NERV,2018-04-10,54.0,56.4,52.4,54.8
NERV,2018-04-11,54.8,57.6,54.8,55.6
NERV,2018-04-12,56.4,58.4,56.0,56.8
NERV,2018-04-13,56.8,56.8,54.0,55.2
NERV,2018-04-16,55.6,56.0,54.4,55.2
NERV,2018-04-17,55.2,59.2,55.2,57.6
NERV,2018-04-18,58.0,59.2,55.6,58.0
NERV,2018-04-19,57.6,59.2,55.2,57.2
NERV,2018-04-20,56.4,58.8,55.2,57.6
NERV,2018-04-23,58.0,60.0,57.2,58.4
NERV,2018-04-24,59.2,59.6,55.8,58.4
NERV,2018-04-25,58.8,58.8,54.4,54.8
NERV,2018-04-26,55.2,55.6,53.6,54.4
NERV,2018-04-27,54.0,54.8,51.2,51.4
NERV,2018-04-30,51.6,54.8,49.6,52.4
NERV,2018-05-01,52.0,53.6,51.2,53.2
NERV,2018-05-02,52.8,56.0,52.8,54.4
NERV,2018-05-03,53.2,55.6,48.8,49.2
NERV,2018-05-04,48.8,50.0,48.4,49.6
NERV,2018-05-07,50.0,52.0,48.4,48.8
NERV,2018-05-08,48.4,49.6,46.4,48.8
NERV,2018-05-09,48.8,50.4,47.6,48.8
NERV,2018-05-10,49.2,50.0,48.0,49.2
NERV,2018-05-11,49.2,53.2,48.8,52.0
NERV,2018-05-14,52.8,57.464,51.6,52.0
NERV,2018-05-15,52.0,54.0,50.4,53.2
NERV,2018-05-16,53.2,54.8,51.8,52.0
NERV,2018-05-17,54.0,60.4,52.408,59.2
NERV,2018-05-18,59.6,67.2,58.8,63.6
NERV,2018-05-21,64.4,66.8,60.4,61.6
NERV,2018-05-22,61.2,66.0,60.0,64.0
NERV,2018-05-23,64.4,69.6,64.0,68.4
NERV,2018-05-24,68.0,72.0,66.0,71.6
NERV,2018-05-25,72.0,73.2,67.6,70.4
NERV,2018-05-29,70.4,72.0,69.2,70.4
NERV,2018-05-30,70.4,73.2,70.4,72.8
NERV,2018-05-31,73.2,74.0,70.0,70.4
NERV,2018-06-01,70.0,70.8,66.8,70.4
NERV,2018-06-04,70.8,71.4,67.656,68.0
NERV,2018-06-05,67.6,69.64,67.2,68.8
NERV,2018-06-06,68.4,68.4,64.0,67.2
NERV,2018-06-07,67.6,68.0,65.6,66.0
NERV,2018-06-08,66.4,68.4,65.6,68.0
NERV,2018-06-11,68.0,68.4,66.8,67.6
NERV,2018-06-12,67.2,68.0,65.2,68.0
NERV,2018-06-13,68.0,70.4,66.4,68.0
NERV,2018-06-14,68.4,69.6,67.6,69.2
NERV,2018-06-15,68.8,71.6,68.8,70.8
NERV,2018-06-18,70.4,72.8,69.6,72.4
NERV,2018-06-19,71.6,73.976,70.4,71.2
NERV,2018-06-20,71.2,73.2,71.2,72.0
NERV,2018-06-21,71.6,72.4,67.6,69.6
NERV,2018-06-22,69.6,71.2,68.8,70.8
NERV,2018-06-25,69.6,70.6,67.6,68.4
NERV,2018-06-26,68.4,70.0,65.6,68.4
NERV,2018-06-27,68.0,69.2,65.6,66.0
NERV,2018-06-28,65.6,66.8,64.0,64.4
NERV,2018-06-29,64.4,66.0,63.2,66.0
NERV,2018-07-02,65.6,68.8,63.4,66.4
NERV,2018-07-03,67.2,69.2,66.8,68.4
NERV,2018-07-05,68.4,69.6,67.2,68.8
NERV,2018-07-06,68.8,70.8,68.4,69.6
NERV,2018-07-09,69.2,69.2,67.6,68.8
NERV,2018-07-10,69.2,69.2,67.6,67.6
NERV,2018-07-11,68.0,68.4,66.0,67.2
NERV,2018-07-12,67.6,69.6,66.6,68.8
NERV,2018-07-13,69.2,70.8,67.2,68.0
NERV,2018-07-16,68.0,68.0,63.2,65.6
NERV,2018-07-17,65.6,67.2,64.8,65.2
NERV,2018-07-18,64.8,65.2,63.4,64.8
NERV,2018-07-19,64.4,66.4,64.0,65.6
NERV,2018-07-20,65.6,67.2,63.6,64.0
NERV,2018-07-23,63.6,64.4,62.4,63.6
NERV,2018-07-24,64.0,65.6,60.8,64.0
NERV,2018-07-25,64.0,67.6,64.0,66.0
NERV,2018-07-26,66.4,69.2,65.656,67.6
NERV,2018-07-27,67.6,67.6,61.6,63.6
NERV,2018-07-30,63.2,64.4,62.4,63.2
NERV,2018-07-31,62.4,64.8,62.4,64.4
NERV,2018-08-01,64.4,64.4,62.0,63.6
NERV,2018-08-02,65.6,65.6,61.6,62.8
NERV,2018-08-03,67.2,67.2,61.208,63.2
NERV,2018-08-06,63.6,64.0,60.4,61.2
NERV,2018-08-07,61.2,64.0,57.2,63.2
NERV,2018-08-08,63.6,66.0,62.4,64.8
NERV,2018-08-09,64.8,69.6,64.0,68.0
NERV,2018-08-10,68.0,69.6,67.2,67.6
NERV,2018-08-13,68.0,68.8,65.4,67.6
NERV,2018-08-14,68.0,68.0,66.2,67.2
NERV,2018-08-15,67.2,68.4,65.6,68.0
NERV,2018-08-16,68.4,70.0,67.6,69.6
NERV,2018-08-17,69.2,74.0,68.4,71.2
NERV,2018-08-20,72.8,72.8,70.0,70.8
NERV,2018-08-21,71.2,71.6,70.096,71.6
NERV,2018-08-22,72.0,78.0,69.992,77.6
NERV,2018-08-23,78.4,81.6,75.2,76.4
NERV,2018-08-24,76.4,85.2,76.4,80.8
NERV,2018-08-27,81.6,82.4,77.6,81.6
NERV,2018-08-28,81.6,84.8,80.8,81.2
NERV,2018-08-29,80.8,82.8,79.2,79.6
NERV,2018-08-30,79.2,84.4,79.2,84.0
NERV,2018-08-31,83.6,86.8,82.0,83.2
NERV,2018-09-04,83.2,84.8,80.4,83.6
NERV,2018-09-05,83.6,84.424,82.0,83.6
NERV,2018-09-06,83.6,83.6,79.6,82.8
NERV,2018-09-07,82.8,84.8,81.2,83.6
NERV,2018-09-10,84.0,84.0,77.6,78.0
NERV,2018-09-11,78.0,81.2,74.8,79.0
NERV,2018-09-12,81.2,86.0,81.2,84.0
NERV,2018-09-13,84.0,88.8,82.8,83.6
NERV,2018-09-14,83.2,87.6,80.8,84.0
NERV,2018-09-17,84.0,85.6,83.6,84.8
NERV,2018-09-18,84.8,90.8,84.8,88.8
NERV,2018-09-19,88.4,90.0,87.496,88.8
NERV,2018-09-20,88.8,98.8,88.8,97.6
NERV,2018-09-21,97.2,97.6,91.6,97.2
NERV,2018-09-24,97.2,100.0,96.0,98.4
NERV,2018-09-25,98.4,102.8,96.0,100.0
NERV,2018-09-26,100.0,103.6,99.2,99.6
NERV,2018-09-27,100.4,103.6,98.8,100.4
NERV,2018-09-28,100.4,103.2,99.6,100.4
NERV,2018-10-01,101.12,102.4,92.48,95.2
NERV,2018-10-02,95.52,95.92,92.128,93.6
NERV,2018-10-03,93.52,95.488,90.0,94.48
NERV,2018-10-04,94.4,94.8,91.92,92.16
NERV,2018-10-05,91.2,93.92,89.04,91.04
NERV,2018-10-08,90.96,92.32,86.328,89.44
NERV,2018-10-09,88.88,91.04,83.2,84.4
NERV,2018-10-10,84.32,85.44,82.08,82.8
NERV,2018-10-11,82.4,85.76,79.28,79.36
NERV,2018-10-12,80.72,81.6,77.84,78.0
NERV,2018-10-15,77.76,80.4,75.6,79.2
NERV,2018-10-16,80.24,86.0,80.0,85.44
NERV,2018-10-17,85.92,87.28,83.04,86.88
NERV,2018-10-18,86.64,91.28,84.16,85.76
NERV,2018-10-19,85.92,86.48,83.36,84.56
NERV,2018-10-22,85.52,86.8,82.16,85.84
NERV,2018-10-23,84.4,90.0,83.0,86.88
NERV,2018-10-24,86.88,87.6,84.4,84.8
NERV,2018-10-25,85.44,92.24,85.12,88.16
NERV,2018-10-26,86.56,87.76,83.44,86.0
NERV,2018-10-29,87.04,87.04,81.464,83.6
NERV,2018-10-30,83.52,87.04,83.52,86.16
NERV,2018-10-31,87.12,88.56,85.92,87.76
NERV,2018-11-01,88.0,91.6,88.0,91.6
NERV,2018-11-02,92.48,95.12,90.08,93.6
NERV,2018-11-05,93.6,93.6,80.6,84.48
NERV,2018-11-06,84.08,85.92,77.52,77.76
NERV,2018-11-07,78.24,86.32,76.96,82.16
NERV,2018-11-08,82.16,83.92,80.24,81.68
NERV,2018-11-09,80.72,82.24,76.32,76.4
NERV,2018-11-12,75.2,75.44,66.424,67.52
NERV,2018-11-13,68.08,71.528,65.12,65.2
NERV,2018-11-14,65.76,70.24,61.92,66.24
NERV,2018-11-15,65.44,66.56,62.88,66.4
NERV,2018-11-16,65.68,68.48,65.52,67.2
NERV,2018-11-19,66.8,69.2,65.68,66.64
NERV,2018-11-20,65.6,69.12,64.0,67.2
NERV,2018-11-21,67.6,69.52,67.12,69.28
NERV,2018-11-23,69.6,72.96,69.6,70.48
NERV,2018-11-26,71.36,71.84,68.24,69.68
NERV,2018-11-27,69.36,69.36,62.56,63.36
NERV,2018-11-28,63.6,66.64,62.8,66.24
NERV,2018-11-29,65.36,65.76,62.4,62.56
NERV,2018-11-30,61.68,64.56,61.04,63.28
NERV,2018-12-03,64.4,65.28,63.92,64.48
NERV,2018-12-04,64.72,65.92,62.08,62.48
NERV,2018-12-06,62.0,63.816,60.96,63.28
NERV,2018-12-07,63.2,64.72,62.16,63.52
NERV,2018-12-10,63.76,65.04,61.68,63.6
NERV,2018-12-11,64.8,65.4,62.56,63.68
NERV,2018-12-12,63.68,66.0,63.04,63.2
NERV,2018-12-13,64.24,65.92,62.48,62.56
NERV,2018-12-14,61.76,64.72,61.68,62.72
NERV,2018-12-17,62.4,62.4,57.92,58.72
NERV,2018-12-18,59.52,59.68,56.8,57.12
NERV,2018-12-19,57.44,59.36,53.44,53.84
NERV,2018-12-20,53.76,54.144,50.24,51.84
NERV,2018-12-21,51.68,51.68,48.32,48.8
NERV,2018-12-24,48.08,50.56,47.92,49.44
NERV,2018-12-26,49.92,53.68,48.48,53.12
NERV,2018-12-27,52.8,56.96,50.72,51.6
NERV,2018-12-28,51.84,55.04,50.96,53.2
NERV,2018-12-31,53.76,55.6,52.08,53.92
NERV,2019-01-02,53.28,57.28,53.28,55.36
NERV,2019-01-03,55.12,55.92,53.008,53.12
NERV,2019-01-04,53.84,56.0,52.872,54.48
NERV,2019-01-07,54.96,57.84,54.4,56.08
NERV,2019-01-08,57.12,60.0,56.48,59.76
NERV,2019-01-09,60.32,60.88,57.96,60.88
NERV,2019-01-10,60.4,61.92,57.88,60.88
NERV,2019-01-11,60.24,61.688,59.28,60.72
NERV,2019-01-14,60.16,60.72,58.16,58.4
NERV,2019-01-15,58.8,60.2,56.8,57.12
NERV,2019-01-16,56.8,58.72,56.72,57.68
NERV,2019-01-17,57.36,59.84,56.88,57.12
NERV,2019-01-18,57.36,57.44,55.28,56.56
NERV,2019-01-22,56.4,57.04,54.72,55.52
NERV,2019-01-23,55.84,58.24,54.48,57.28
NERV,2019-01-24,57.44,57.52,55.2,56.96
NERV,2019-01-25,57.52,59.44,56.48,56.64
NERV,2019-01-28,56.0,56.64,51.36,51.6
NERV,2019-01-29,51.92,51.92,48.88,50.4
NERV,2019-01-30,50.32,51.28,49.44,50.4
NERV,2019-01-31,50.32,54.8,50.16,52.64
NERV,2019-02-01,52.64,53.4,50.96,52.0
NERV,2019-02-04,52.08,54.08,52.0,52.96
NERV,2019-02-05,53.04,55.28,53.04,53.6
NERV,2019-02-06,53.52,53.84,52.16,53.6
NERV,2019-02-07,53.68,55.28,53.2,54.8
NERV,2019-02-08,54.48,56.48,53.84,56.4
NERV,2019-02-11,57.04,58.96,55.8,58.64
NERV,2019-02-12,58.64,59.76,58.0,59.44
NERV,2019-02-13,59.68,60.0,58.4,58.64
NERV,2019-02-14,58.4,59.04,58.08,58.08
NERV,2019-02-15,58.24,61.44,57.52,61.2
NERV,2019-02-19,61.28,62.96,60.8,62.4
NERV,2019-02-20,62.64,63.6,61.12,62.88
NERV,2019-02-21,62.72,63.28,60.56,62.48
NERV,2019-02-22,62.88,63.68,61.52,63.52
NERV,2019-02-25,64.48,66.08,64.16,65.28
NERV,2019-02-26,65.04,65.92,63.44,65.36
NERV,2019-02-27,65.44,65.6,63.6,64.24
NERV,2019-02-28,63.52,63.76,61.88,63.44
NERV,2019-03-01,63.92,66.48,63.2,66.08
NERV,2019-03-04,67.36,67.44,65.4,66.96
NERV,2019-03-05,67.04,68.96,66.504,67.28
NERV,2019-03-06,67.28,67.96,60.88,62.48
NERV,2019-03-07,62.4,64.8,60.92,63.92
NERV,2019-03-08,63.44,64.96,60.4,61.28
NERV,2019-03-11,61.68,65.2,61.68,65.12
NERV,2019-03-12,65.12,66.88,62.8,64.88
NERV,2019-03-13,65.44,66.0,63.44,64.4
NERV,2019-03-14,64.4,65.36,63.92,65.28
NERV,2019-03-15,65.52,66.44,64.08,66.0
NERV,2019-03-18,67.92,69.68,66.88,67.36
NERV,2019-03-19,67.6,68.4,66.56,67.36
NERV,2019-03-20,67.36,69.28,66.4,67.68
NERV,2019-03-21,67.2,68.48,66.0,66.48
NERV,2019-03-22,66.08,66.32,60.56,60.72
NERV,2019-03-25,60.56,63.12,59.992,62.08
NERV,2019-03-26,62.64,63.76,62.32,63.52
NERV,2019-03-27,63.2,64.8,61.68,63.28
NERV,2019-03-28,63.6,64.4,61.92,62.64
NERV,2019-03-29,62.72,63.76,62.32,62.88
NERV,2019-04-01,63.04,64.4,62.56,63.76
NERV,2019-04-02,63.6,66.24,63.36,65.36
NERV,2019-04-03,66.16,66.16,64.08,64.64
NERV,2019-04-04,64.72,66.16,64.32,65.2
NERV,2019-04-05,65.76,66.56,65.76,66.4
NERV,2019-04-08,66.32,67.12,65.12,65.68
NERV,2019-04-09,65.2,65.2,59.04,59.28
NERV,2019-04-10,59.68,63.264,59.68,60.8
NERV,2019-04-11,60.8,60.8,58.56,59.2
NERV,2019-04-12,59.68,59.68,56.32,56.88
NERV,2019-04-15,57.2,59.36,57.2,58.96
NERV,2019-04-16,59.44,60.16,57.52,58.48
NERV,2019-04-17,58.56,58.56,56.32,57.2
NERV,2019-04-18,56.88,58.16,55.84,56.24
NERV,2019-04-22,56.0,58.24,56.0,57.84
NERV,2019-04-23,59.04,59.68,57.44,58.88
NERV,2019-04-24,59.2,59.2,57.04,58.0
NERV,2019-04-25,57.68,59.12,57.68,58.16
NERV,2019-04-26,58.32,60.88,57.92,60.48
NERV,2019-04-29,59.76,60.72,59.2,59.92
NERV,2019-04-30,59.88,60.4,56.64,58.96
NERV,2019-05-01,58.72,59.2,57.76,57.84
NERV,2019-05-02,57.92,58.88,56.24,57.52
NERV,2019-05-03,58.32,61.04,57.84,60.64
NERV,2019-05-06,55.2,60.12,55.2,57.52
NERV,2019-05-07,56.0,58.576,54.32,55.2
NERV,2019-05-08,55.52,56.8,54.88,55.04
NERV,2019-05-09,54.8,56.48,53.608,56.16
NERV,2019-05-10,55.92,56.48,53.36,55.28
NERV,2019-05-13,46.08,56.16,44.08,54.64
NERV,2019-05-14,55.12,60.72,54.24,54.56
NERV,2019-05-15,54.32,54.32,51.76,51.84
NERV,2019-05-16,52.0,52.24,49.36,50.24
NERV,2019-05-17,49.52,50.0,46.8,47.44
NERV,2019-05-20,47.04,48.6,45.36,45.84
NERV,2019-05-21,46.24,47.52,45.36,46.48
NERV,2019-05-22,46.4,46.4,43.12,43.28
NERV,2019-05-23,42.64,43.2,40.88,41.2
NERV,2019-05-24,41.52,43.52,40.96,42.96
NERV,2019-05-28,43.04,44.192,40.88,41.28
NERV,2019-05-29,41.52,44.08,40.8,41.68
NERV,2019-05-30,41.68,43.36,39.36,39.52
NERV,2019-05-31,40.4,43.36,39.04,41.68
NERV,2019-06-03,42.0,43.12,40.88,42.48
NERV,2019-06-04,43.12,43.28,40.24,41.44
NERV,2019-06-05,41.6,41.6,38.576,40.0
NERV,2019-06-06,39.84,40.32,38.72,39.44
NERV,2019-06-07,39.6,40.4,39.12,40.0
NERV,2019-06-10,40.16,41.6,39.44,39.84
NERV,2019-06-11,40.16,41.12,37.2,37.6
NERV,2019-06-12,37.6,37.6,35.92,36.0
NERV,2019-06-13,36.16,36.96,35.6,36.0
NERV,2019-06-14,36.4,36.8,35.2,35.2
NERV,2019-06-17,35.36,36.4,34.88,35.04
NERV,2019-06-18,35.44,36.16,34.72,34.96
NERV,2019-06-19,34.88,36.44,34.08,35.84
NERV,2019-06-20,36.24,36.96,33.6,33.6
NERV,2019-06-21,33.68,34.96,32.56,33.84
NERV,2019-06-24,62.16,66.592,44.88,47.44
NERV,2019-06-25,45.68,47.12,43.6,44.56
NERV,2019-06-26,44.8,45.64,40.96,43.12
NERV,2019-06-27,43.36,45.52,42.0,43.68
NERV,2019-06-28,44.96,46.56,43.92,45.04
NERV,2019-07-01,45.36,46.16,43.04,45.68
NERV,2019-07-02,46.08,50.88,45.312,49.76
NERV,2019-07-03,50.0,54.96,50.0,54.4
NERV,2019-07-05,54.16,57.92,53.696,54.56
NERV,2019-07-08,54.08,54.08,51.2,52.08
NERV,2019-07-09,52.24,55.52,52.24,54.88
NERV,2019-07-10,55.28,55.28,51.28,53.36
NERV,2019-07-11,53.92,54.0,52.56,53.2
NERV,2019-07-12,53.12,54.0,51.92,52.16
NERV,2019-07-15,52.48,52.48,51.2,51.76
NERV,2019-07-16,51.76,52.0,50.96,51.12
NERV,2019-07-17,50.96,52.56,50.88,52.32
NERV,2019-07-18,52.32,52.808,51.04,51.92
NERV,2019-07-19,51.84,52.912,51.44,52.24
NERV,2019-07-22,52.08,52.648,50.08,50.64
NERV,2019-07-23,51.04,52.72,50.08,52.0
NERV,2019-07-24,52.16,52.48,50.48,51.52
NERV,2019-07-25,51.44,52.32,50.8,51.28
NERV,2019-07-26,51.6,52.24,51.04,51.84
NERV,2019-07-29,52.0,52.0,50.56,51.28
NERV,2019-07-30,50.96,53.12,50.48,52.56
NERV,2019-07-31,52.96,53.8,51.44,53.12
NERV,2019-08-01,53.28,53.68,52.368,53.2
NERV,2019-08-02,52.72,52.72,51.2,51.6
NERV,2019-08-05,55.6,56.4,51.2,55.76
NERV,2019-08-06,56.64,59.92,53.128,53.84
NERV,2019-08-07,53.44,54.88,52.48,53.44
NERV,2019-08-08,53.68,56.72,53.6,56.32
NERV,2019-08-09,56.16,57.6,54.64,54.72
NERV,2019-08-12,55.52,55.6,53.92,54.88
NERV,2019-08-13,54.96,56.64,54.96,55.84
NERV,2019-08-14,55.28,55.68,53.44,53.92
NERV,2019-08-15,53.68,54.0,50.72,52.0
NERV,2019-08-16,52.24,54.56,51.44,54.24
NERV,2019-08-19,54.96,55.92,53.12,55.68
NERV,2019-08-20,55.68,56.528,54.4,55.6
NERV,2019-08-21,55.84,58.88,54.88,58.48
NERV,2019-08-22,58.4,58.792,56.4,57.2
NERV,2019-08-23,56.96,57.36,54.0,54.24
NERV,2019-08-26,54.8,55.12,52.8,54.0
NERV,2019-08-27,54.24,54.32,51.56,51.76
NERV,2019-08-28,52.0,54.8,51.288,53.6
NERV,2019-08-29,54.24,56.0,53.56,55.2
NERV,2019-08-30,55.2,57.6,54.96,57.12
NERV,2019-09-03,56.32,57.2,55.12,56.48
NERV,2019-09-04,57.04,59.28,56.64,58.24
NERV,2019-09-05,59.04,59.6,57.52,59.12
NERV,2019-09-06,59.36,59.84,57.12,59.52
NERV,2019-09-09,60.16,60.568,58.16,59.2
NERV,2019-09-10,59.28,60.96,57.6,60.8
NERV,2019-09-11,61.2,68.32,61.2,68.16
NERV,2019-09-12,67.68,68.64,64.4,64.56
NERV,2019-09-13,64.8,66.24,63.28,64.0
NERV,2019-09-16,63.28,65.44,63.2,64.88
NERV,2019-09-17,64.72,65.44,63.76,64.88
NERV,2019-09-18,68.8,68.8,64.64,67.36
NERV,2019-09-19,67.84,70.64,65.84,69.28
NERV,2019-09-20,69.28,70.64,67.44,69.04
NERV,2019-09-23,68.48,68.84,66.56,67.12
NERV,2019-09-24,67.36,67.496,65.2,65.68
NERV,2019-09-25,66.48,68.16,66.48,66.56
NERV,2019-09-26,66.4,66.4,63.36,65.8
NERV,2019-09-27,66.8,68.64,65.04,65.44
NERV,2019-09-30,65.6,66.016,60.96,62.0
NERV,2019-10-01,46.16,50.72,44.56,45.68
NERV,2019-10-02,46.08,47.12,39.12,39.76
NERV,2019-10-03,40.08,41.28,37.888,40.24
NERV,2019-10-04,39.92,41.04,36.8,37.64
NERV,2019-10-07,37.2,37.76,35.6,37.48
NERV,2019-10-08,36.96,38.32,35.36,35.92
NERV,2019-10-09,36.32,36.48,34.4,34.96
NERV,2019-10-10,35.2,36.56,34.4,35.68
NERV,2019-10-11,36.0,37.2,35.04,35.2
NERV,2019-10-14,35.12,36.568,33.6,34.16
NERV,2019-10-15,34.16,35.44,33.92,34.16
NERV,2019-10-16,34.24,35.12,33.84,34.24
NERV,2019-10-17,34.56,34.88,33.6,33.76
NERV,2019-10-18,33.76,33.92,32.56,32.88
NERV,2019-10-21,33.36,33.6,32.232,33.28
NERV,2019-10-22,33.36,34.4,32.48,32.64
NERV,2019-10-23,32.56,33.6,32.4,32.72
NERV,2019-10-24,33.04,33.28,32.48,33.04
NERV,2019-10-25,33.2,33.2,32.4,32.64
NERV,2019-10-28,32.88,33.824,32.08,33.68
NERV,2019-10-29,33.52,35.2,33.12,35.2
NERV,2019-10-30,35.28,36.8,34.56,36.72
NERV,2019-10-31,36.96,40.0,36.24,37.92
NERV,2019-11-01,38.4,38.712,35.76,36.96
NERV,2019-11-04,38.8,39.84,36.0,37.2
NERV,2019-11-05,37.2,39.92,36.8,39.12
NERV,2019-11-06,39.2,43.04,39.2,41.28
NERV,2019-11-07,41.6,42.72,40.8,41.84
NERV,2019-11-08,41.68,42.64,41.36,42.16
NERV,2019-11-11,41.68,41.76,39.76,41.68
NERV,2019-11-12,41.44,42.64,40.72,41.52
NERV,2019-11-13,41.44,41.76,40.24,41.36
NERV,2019-11-14,41.2,42.4,40.728,41.52
NERV,2019-11-15,42.0,42.0,40.8,41.28
NERV,2019-11-18,41.2,41.2,38.56,40.96
NERV,2019-11-19,41.2,47.28,41.2,44.48
NERV,2019-11-20,44.24,46.96,43.976,45.76
NERV,2019-11-21,46.08,46.4,44.96,45.6
NERV,2019-11-22,45.84,48.8,45.52,47.76
NERV,2019-11-25,48.08,51.04,46.84,47.76
NERV,2019-11-26,47.68,49.52,45.304,48.8
NERV,2019-11-27,48.8,50.32,48.28,49.76
NERV,2019-11-29,49.76,51.44,49.76,50.0
NERV,2019-12-02,50.4,51.04,48.56,50.6
NERV,2019-12-03,49.92,50.96,49.28,50.08
NERV,2019-12-04,50.16,50.16,48.08,49.2
NERV,2019-12-05,49.2,50.24,48.4,49.12
NERV,2019-12-06,49.2,50.16,48.4,50.0
NERV,2019-12-09,49.92,56.0,49.92,54.16
NERV,2019-12-10,54.88,60.0,52.88,59.04
NERV,2019-12-11,59.84,60.4,57.0,59.84
NERV,2019-12-12,59.36,61.76,59.12,60.4
NERV,2019-12-13,60.48,60.8,58.24,59.6
NERV,2019-12-16,59.92,61.12,56.08,58.68
NERV,2019-12-17,58.16,58.48,55.6,55.68
NERV,2019-12-18,55.04,55.52,51.52,55.12
NERV,2019-12-19,42.48,49.6,42.08,45.28
NERV,2019-12-20,45.36,50.56,44.48,47.84
NERV,2019-12-23,48.24,54.4,47.6,52.64
NERV,2019-12-24,53.2,57.84,51.36,57.6
NERV,2019-12-26,58.0,58.688,53.84,55.12
NERV,2019-12-27,54.88,56.128,53.2,54.24
NERV,2019-12-30,54.16,54.8,52.24,54.64
NERV,2019-12-31,54.64,57.6,54.64,56.88
NERV,2020-01-02,56.72,65.52,55.2,61.12
NERV,2020-01-03,60.16,64.0,58.48,60.32
NERV,2020-01-06,59.76,60.08,56.16,57.6
NERV,2020-01-07,57.68,59.68,56.32,58.72
NERV,2020-01-08,59.12,60.6,58.56,60.08
NERV,2020-01-09,60.16,63.84,59.8,62.4
NERV,2020-01-10,62.64,65.04,61.6,62.56
NERV,2020-01-13,62.32,62.6,60.24,61.2
NERV,2020-01-14,61.12,62.12,59.6,61.52
NERV,2020-01-15,61.6,64.8,61.6,64.72
NERV,2020-01-16,64.88,72.72,64.16,72.52
NERV,2020-01-17,72.56,73.84,65.92,66.88
NERV,2020-01-21,67.04,70.08,66.24,68.56
NERV,2020-01-22,68.88,69.2,67.04,67.44
NERV,2020-01-23,67.28,68.48,65.2,67.84
NERV,2020-01-24,67.84,67.92,60.96,64.08
NERV,2020-01-27,61.76,66.8,61.28,65.44
NERV,2020-01-28,66.4,68.0,64.88,67.92
NERV,2020-01-29,67.92,68.784,64.32,64.4
NERV,2020-01-30,63.84,65.12,62.848,64.4
NERV,2020-01-31,63.84,65.44,62.08,65.04
NERV,2020-02-03,65.36,68.0,65.36,66.4
NERV,2020-02-04,67.28,67.28,64.96,66.4
NERV,2020-02-05,67.28,71.2,66.96,69.84
NERV,2020-02-06,70.56,71.44,68.88,69.76
NERV,2020-02-07,69.44,70.08,67.2,67.52
NERV,2020-02-10,67.92,71.84,67.896,69.0
NERV,2020-02-11,69.36,69.36,67.76,67.84
NERV,2020-02-12,68.32,68.816,65.2,66.88
NERV,2020-02-13,66.64,67.28,64.96,66.0
NERV,2020-02-14,65.92,71.52,65.28,69.76
NERV,2020-02-18,70.0,73.04,70.0,72.64
NERV,2020-02-19,73.12,76.48,73.12,73.84
NERV,2020-02-20,73.6,74.4,69.52,72.0
NERV,2020-02-21,72.0,73.12,70.48,71.44
NERV,2020-02-24,69.2,72.56,67.12,71.92
NERV,2020-02-25,72.8,73.84,63.04,63.12
NERV,2020-02-26,62.72,64.96,58.64,58.8
NERV,2020-02-27,57.52,60.32,54.72,57.44
NERV,2020-02-28,54.0,58.24,53.056,58.24
NERV,2020-03-02,58.0,62.56,57.36,60.4
NERV,2020-03-03,60.72,62.4,59.12,61.84
NERV,2020-03-04,62.72,70.32,62.72,69.12
NERV,2020-03-05,68.08,70.56,66.96,68.08
NERV,2020-03-06,65.68,69.36,64.72,67.44
NERV,2020-03-09,57.76,63.6,56.4,57.6
NERV,2020-03-10,58.64,59.04,54.16,58.08
NERV,2020-03-11,56.4,57.28,50.52,50.88
NERV,2020-03-12,48.8,49.44,39.544,43.76
NERV,2020-03-13,46.56,50.64,41.28,50.48
NERV,2020-03-16,42.0,44.84,40.0,41.68
NERV,2020-03-17,42.56,48.0,39.28,46.16
NERV,2020-03-18,44.8,45.6,35.04,36.56
NERV,2020-03-19,36.56,43.44,35.36,38.88
NERV,2020-03-20,39.6,42.64,38.88,39.2
NERV,2020-03-23,38.48,42.08,37.28,41.68
NERV,2020-03-24,43.44,45.52,40.08,43.76
NERV,2020-03-25,43.84,46.16,42.0,44.16
NERV,2020-03-26,44.4,49.12,43.12,48.32
NERV,2020-03-27,47.04,50.88,44.64,50.0
NERV,2020-03-30,50.4,52.32,49.84,51.2
NERV,2020-03-31,50.8,51.92,46.72,48.16
NERV,2020-04-01,46.8,47.12,43.2,44.72
NERV,2020-04-02,44.48,46.16,43.6,45.52
NERV,2020-04-03,44.88,46.0,41.328,42.48
NERV,2020-04-06,44.56,46.8,44.24,45.6
NERV,2020-04-07,46.08,46.56,43.48,44.0
NERV,2020-04-08,44.64,46.4,43.52,45.76
NERV,2020-04-09,46.56,49.12,46.08,46.8
NERV,2020-04-13,46.48,48.56,46.4,47.12
NERV,2020-04-14,47.28,52.8,46.8,51.92
NERV,2020-04-15,50.48,52.96,48.4,52.32
NERV,2020-04-16,53.04,54.96,50.32,51.84
NERV,2020-04-17,53.28,55.12,52.24,55.04
NERV,2020-04-20,54.56,57.04,53.304,55.28
NERV,2020-04-21,54.48,55.64,52.8,54.96
NERV,2020-04-22,55.2,58.72,54.0,58.08
NERV,2020-04-23,57.6,64.0,57.6,62.72
NERV,2020-04-24,62.72,66.8,61.2,65.6
NERV,2020-04-27,67.6,71.68,65.84,69.92
NERV,2020-04-28,72.0,72.88,64.24,66.72
NERV,2020-04-29,68.0,72.64,68.0,70.4
NERV,2020-04-30,71.84,74.16,68.48,71.76
NERV,2020-05-01,70.0,75.36,68.96,75.12
NERV,2020-05-04,78.32,80.56,71.76,78.0
NERV,2020-05-05,79.92,84.8,75.44,76.24
NERV,2020-05-06,76.96,83.28,76.96,78.32
NERV,2020-05-07,80.56,86.56,79.44,84.56
NERV,2020-05-08,86.72,97.6,86.72,91.92
NERV,2020-05-11,92.08,101.28,91.36,100.4
NERV,2020-05-12,102.08,107.592,98.8,102.4
NERV,2020-05-13,102.0,109.28,97.44,98.48
NERV,2020-05-14,101.44,104.4,96.32,100.6
NERV,2020-05-15,100.4,102.64,97.84,101.6
NERV,2020-05-18,104.64,111.12,99.44,101.44
NERV,2020-05-19,103.2,104.0,97.6,98.48
NERV,2020-05-20,101.44,109.68,98.32,109.44
NERV,2020-05-21,110.24,118.544,106.64,116.56
NERV,2020-05-22,116.56,118.96,114.16,114.24
NERV,2020-05-26,116.48,121.72,115.6,117.6
NERV,2020-05-27,116.16,117.32,108.88,113.68
NERV,2020-05-28,109.04,114.4,99.28,107.76
NERV,2020-05-29,40.0,44.0,14.48,29.68
NERV,2020-06-01,34.48,38.4,32.08,33.68
NERV,2020-06-02,33.2,33.6,30.8,31.2
NERV,2020-06-03,31.28,32.4,28.48,31.44
NERV,2020-06-04,31.6,37.04,30.64,34.08
NERV,2020-06-05,34.0,35.2,31.28,31.36
NERV,2020-06-08,31.6,32.24,30.48,30.8
NERV,2020-06-09,30.8,31.04,29.28,29.28
NERV,2020-06-10,29.76,30.8,28.8,28.96
NERV,2020-06-11,26.0,28.32,25.2,27.2
NERV,2020-06-12,28.4,28.48,26.56,27.28
NERV,2020-06-15,27.44,30.072,26.0,29.44
NERV,2020-06-16,30.56,30.8,28.16,30.24
NERV,2020-06-17,30.32,30.56,28.56,29.12
NERV,2020-06-18,29.12,30.16,28.64,29.36
NERV,2020-06-19,29.76,30.64,27.68,28.24
NERV,2020-06-22,28.24,28.4,26.72,27.68
NERV,2020-06-23,27.76,29.92,27.76,28.88
NERV,2020-06-24,28.72,29.104,27.2,28.64
NERV,2020-06-25,28.64,29.12,27.52,28.56
NERV,2020-06-26,28.24,28.64,27.44,28.0
NERV,2020-06-29,27.92,29.28,27.36,27.88
NERV,2020-06-30,27.92,28.96,27.44,28.88
NERV,2020-07-01,28.56,30.48,28.56,30.16
NERV,2020-07-02,30.32,30.48,27.84,28.48
NERV,2020-07-06,28.56,29.2,27.92,28.56
NERV,2020-07-07,28.48,29.68,28.0,29.12
NERV,2020-07-08,29.04,29.28,28.0,29.2
NERV,2020-07-09,28.96,29.6,27.68,28.04
NERV,2020-07-10,28.24,28.32,27.2,27.28
NERV,2020-07-13,27.52,27.88,25.68,25.76
NERV,2020-07-14,25.76,26.48,24.8,26.4
NERV,2020-07-15,26.8,27.72,26.56,27.36
NERV,2020-07-16,27.36,28.56,26.904,28.0
NERV,2020-07-17,27.68,29.16,27.68,28.84
NERV,2020-07-20,28.56,29.44,28.08,29.44
NERV,2020-07-21,29.44,29.76,28.56,29.12
NERV,2020-07-22,29.04,29.2,27.616,28.88
NERV,2020-07-23,28.8,29.68,28.12,28.4
NERV,2020-07-24,28.48,29.44,27.52,28.48
NERV,2020-07-27,28.48,29.12,27.76,29.04
NERV,2020-07-28,28.56,29.12,28.04,28.16
NERV,2020-07-29,28.16,28.48,27.76,28.16
NERV,2020-07-30,28.08,29.2,27.84,28.96
NERV,2020-07-31,29.04,29.12,27.84,27.88
NERV,2020-08-03,29.76,30.08,27.84,29.52
NERV,2020-08-04,29.2,31.2,29.064,30.08
NERV,2020-08-05,30.24,30.56,28.8,29.04
NERV,2020-08-06,29.28,30.0,28.88,29.2
NERV,2020-08-07,29.2,29.44,28.32,28.72
NERV,2020-08-10,28.8,29.04,28.48,28.8
NERV,2020-08-11,28.96,29.04,28.0,28.08
NERV,2020-08-12,28.16,28.56,27.2,27.68
NERV,2020-08-13,27.68,28.16,27.04,27.04
NERV,2020-08-14,27.44,27.44,26.88,27.12
NERV,2020-08-17,27.2,28.44,26.88,28.4
NERV,2020-08-18,28.4,28.48,27.44,27.52
NERV,2020-08-19,27.6,28.56,27.36,27.52
NERV,2020-08-20,27.52,27.8,26.72,27.04
NERV,2020-08-21,27.04,27.2,25.28,25.68
NERV,2020-08-24,26.0,26.08,24.32,25.04
NERV,2020-08-25,25.12,25.84,23.68,25.68
NERV,2020-08-26,25.44,25.76,24.72,25.44
NERV,2020-08-27,25.52,25.76,24.32,25.28
NERV,2020-08-28,24.96,25.52,24.8,25.44
NERV,2020-08-31,25.44,25.76,24.88,25.44
NERV,2020-09-01,25.04,25.6,23.36,24.4
NERV,2020-09-02,24.32,25.36,23.92,25.2
NERV,2020-09-03,25.12,25.6,24.08,24.32
NERV,2020-09-04,24.24,24.32,21.76,23.36
NERV,2020-09-08,23.04,23.12,21.76,22.16
NERV,2020-09-09,22.16,23.68,22.16,23.04
NERV,2020-09-10,23.28,24.24,23.2,23.2
NERV,2020-09-11,23.52,24.56,22.88,22.96
NERV,2020-09-14,24.0,27.36,23.76,27.12
NERV,2020-09-15,27.92,27.92,25.608,26.4
NERV,2020-09-16,26.24,28.6,26.16,27.68
NERV,2020-09-17,27.28,28.08,26.56,28.0
NERV,2020-09-18,28.32,28.56,26.92,28.56
NERV,2020-09-21,27.68,28.032,26.96,27.36
NERV,2020-09-22,27.6,27.6,26.0,26.72
NERV,2020-09-23,26.96,27.04,25.6,25.6
NERV,2020-09-24,25.44,25.52,24.08,24.32
NERV,2020-09-25,24.32,25.84,24.08,25.44
NERV,2020-09-28,25.84,25.92,24.84,25.28
NERV,2020-09-29,25.44,26.08,25.04,25.68
NERV,2020-09-30,25.52,26.16,25.28,25.44
NERV,2020-10-01,25.44,26.08,25.4,25.84
NERV,2020-10-02,25.28,25.92,24.92,25.12
NERV,2020-10-05,25.2,27.2,25.2,27.12
NERV,2020-10-06,27.12,28.24,26.8,27.76
NERV,2020-10-07,28.16,28.96,27.6,28.48
NERV,2020-10-08,28.64,28.728,27.36,27.68
NERV,2020-10-09,27.84,28.64,27.6,27.92
NERV,2020-10-12,28.0,28.0,26.08,26.24
NERV,2020-10-13,26.32,28.16,25.6,28.0
NERV,2020-10-14,28.24,28.48,26.8,26.88
NERV,2020-10-15,26.88,27.36,26.4,26.72
NERV,2020-10-16,26.64,27.52,26.32,26.56
NERV,2020-10-19,26.56,27.12,25.76,25.84
NERV,2020-10-20,25.84,26.28,25.04,25.68
NERV,2020-10-21,25.92,26.08,25.2,25.52
NERV,2020-10-22,26.0,26.8,25.36,25.68
NERV,2020-10-23,26.0,26.56,25.44,26.32
NERV,2020-10-26,27.52,27.52,25.28,26.16
NERV,2020-10-27,25.92,27.2,25.6,26.64
NERV,2020-10-28,25.92,26.24,25.312,25.52
NERV,2020-10-29,25.84,26.4,25.12,25.92
NERV,2020-10-30,25.68,25.92,24.96,25.68
NERV,2020-11-02,25.44,25.76,24.08,24.8
NERV,2020-11-03,25.04,25.224,24.24,24.96
NERV,2020-11-04,24.8,27.576,24.8,27.36
NERV,2020-11-05,27.36,28.0,26.56,27.6
NERV,2020-11-06,27.52,27.92,27.12,27.6
NERV,2020-11-09,28.0,28.88,27.2,27.36
NERV,2020-11-10,27.76,28.56,27.12,28.4
NERV,2020-11-11,28.16,28.4,27.64,28.32
NERV,2020-11-12,28.24,28.88,28.0,28.72
NERV,2020-11-13,28.8,29.04,28.4,28.48
NERV,2020-11-16,29.04,29.12,28.16,28.8
NERV,2020-11-17,28.32,29.2,28.0,28.88
NERV,2020-11-18,28.88,29.44,28.32,28.32
NERV,2020-11-19,28.24,28.88,28.16,28.8
NERV,2020-11-20,28.56,29.68,28.48,29.44
NERV,2020-11-23,29.28,31.6,29.04,31.44
NERV,2020-11-24,31.76,32.0,29.2,29.68
NERV,2020-11-25,30.0,32.6,30.0,31.44
NERV,2020-11-27,31.44,32.92,31.44,32.08
NERV,2020-11-30,32.0,32.24,30.72,31.12
NERV,2020-12-01,24.56,26.0,22.96,23.12
NERV,2020-12-02,23.176,23.2,21.84,22.0
NERV,2020-12-03,22.32,22.64,20.16,20.72
NERV,2020-12-04,21.04,23.04,20.08,21.92
NERV,2020-12-07,22.0,22.24,20.88,21.2
NERV,2020-12-08,21.2,21.52,20.4,21.52
NERV,2020-12-09,21.68,21.68,20.6,21.28
NERV,2020-12-10,21.12,21.44,20.48,21.2
NERV,2020-12-11,20.96,21.44,20.72,20.88
NERV,2020-12-14,20.88,21.68,20.88,21.2
NERV,2020-12-15,21.28,21.6,20.88,21.44
NERV,2020-12-16,21.6,21.72,20.88,20.96
NERV,2020-12-17,21.12,21.52,20.72,21.12
NERV,2020-12-18,21.12,21.4,20.64,20.64
NERV,2020-12-21,20.64,21.12,20.56,20.64
NERV,2020-12-22,20.8,21.04,20.56,20.8
NERV,2020-12-23,20.88,20.88,19.36,20.08
NERV,2020-12-24,20.0,20.4,19.68,19.68
NERV,2020-12-28,19.76,19.8,18.72,18.88
NERV,2020-12-29,18.88,19.04,17.92,18.08
NERV,2020-12-30,18.0,19.328,18.0,19.12
NERV,2020-12-31,19.12,19.16,18.24,18.72
NERV,2021-01-04,18.64,19.2,18.16,19.04
NERV,2021-01-05,19.04,19.2,18.8,18.96
NERV,2021-01-06,19.2,20.16,19.12,19.92
NERV,2021-01-07,20.08,20.64,19.76,20.48
NERV,2021-01-08,20.256,20.8,20.08,20.64
NERV,2021-01-11,20.56,20.8,20.2,20.48
NERV,2021-01-12,20.48,21.36,20.376,21.2
NERV,2021-01-13,20.96,21.4,20.76,21.2
NERV,2021-01-14,21.2,22.16,20.96,21.52
NERV,2021-01-15,21.92,22.464,21.52,21.68
NERV,2021-01-19,29.2,30.0,26.08,27.6
NERV,2021-01-20,27.36,27.44,24.96,26.4
NERV,2021-01-21,26.0,27.112,25.464,25.52
NERV,2021-01-22,25.12,26.56,25.04,26.24
NERV,2021-01-25,27.2,27.832,25.6,27.6
NERV,2021-01-26,27.44,27.92,26.24,27.36
NERV,2021-01-27,26.64,27.04,25.2,25.76
NERV,2021-01-28,25.76,26.16,24.96,25.44
NERV,2021-01-29,25.44,26.24,24.4,25.52
NERV,2021-02-01,25.44,27.32,25.28,27.12
NERV,2021-02-02,27.12,27.2,26.08,26.48
NERV,2021-02-03,26.4,27.44,26.32,27.04
NERV,2021-02-04,27.44,27.76,26.48,27.44
NERV,2021-02-05,27.52,27.76,26.704,27.28
NERV,2021-02-08,27.2,28.88,26.96,28.24
NERV,2021-02-09,28.32,28.72,27.84,27.92
NERV,2021-02-10,28.32,28.512,26.56,26.8
NERV,2021-02-11,27.44,29.28,27.2,28.4
NERV,2021-02-12,28.64,28.64,27.76,28.16
NERV,2021-02-16,28.24,28.48,27.6,27.84
NERV,2021-02-17,27.44,28.48,26.64,28.16
NERV,2021-02-18,27.92,29.096,26.64,28.24
NERV,2021-02-19,27.84,29.544,27.6,28.72
NERV,2021-02-22,28.24,28.8,27.68,27.92
NERV,2021-02-23,27.36,28.08,24.88,26.56
NERV,2021-02-24,26.72,27.76,25.52,27.36
NERV,2021-02-25,27.36,27.8,25.44,25.76
NERV,2021-02-26,25.6,26.032,24.4,24.8
NERV,2021-03-01,25.2,25.744,24.72,25.12
NERV,2021-03-02,24.8,25.6,24.8,25.2
NERV,2021-03-03,25.44,25.44,24.16,24.48
NERV,2021-03-04,24.24,24.8,22.08,22.64
NERV,2021-03-05,23.12,23.36,21.2,22.88
NERV,2021-03-08,23.36,26.88,22.88,25.52
NERV,2021-03-09,25.76,26.8,24.8,24.88
NERV,2021-03-10,25.44,25.6,24.48,24.8
NERV,2021-03-11,25.28,26.32,24.76,26.32
NERV,2021-03-12,26.16,26.96,25.2,26.72
NERV,2021-03-15,26.96,27.112,26.16,26.56
NERV,2021-03-16,26.72,26.72,24.88,25.44
NERV,2021-03-17,25.12,25.52,24.48,25.36
NERV,2021-03-18,25.52,25.92,24.72,24.8
NERV,2021-03-19,25.04,25.48,24.24,24.4
NERV,2021-03-22,24.48,24.96,23.68,23.84
NERV,2021-03-23,24.16,24.8,23.36,24.16
NERV,2021-03-24,24.4,24.48,22.8,22.96
NERV,2021-03-25,22.96,23.6,22.32,23.28
NERV,2021-03-26,23.6,23.6,22.4,23.36
NERV,2021-03-29,23.12,23.6,21.76,21.76
NERV,2021-03-30,22.0,23.72,21.4,23.52
NERV,2021-03-31,23.52,24.0,22.96,23.36
NERV,2021-04-01,23.68,24.16,23.288,23.76
NERV,2021-04-05,24.0,24.0,22.72,23.04
NERV,2021-04-06,23.04,23.2,21.92,22.08
NERV,2021-04-07,22.32,22.72,20.96,21.12
NERV,2021-04-08,21.12,21.92,20.92,21.92
NERV,2021-04-09,21.68,22.32,21.12,21.36
NERV,2021-04-12,21.2,21.2,19.28,19.36
NERV,2021-04-13,19.52,19.6,19.04,19.36
NERV,2021-04-14,19.52,20.4,19.36,19.44
NERV,2021-04-15,19.76,20.32,19.2,20.08
NERV,2021-04-16,20.08,20.4,19.008,20.32
NERV,2021-04-19,20.24,20.24,19.12,19.28
NERV,2021-04-20,19.2,19.68,18.904,19.28
NERV,2021-04-21,19.28,20.32,18.88,20.16
NERV,2021-04-22,20.16,20.8,19.6,20.16
NERV,2021-04-23,20.24,20.4,19.84,20.24
NERV,2021-04-26,19.36,20.56,19.36,20.24
NERV,2021-04-27,20.48,20.52,19.92,20.24
NERV,2021-04-28,20.4,20.4,19.76,20.0
NERV,2021-04-29,20.24,20.32,19.36,19.44
NERV,2021-04-30,19.36,19.688,18.68,19.04
NERV,2021-05-03,19.12,20.0,19.12,19.76
NERV,2021-05-04,19.68,19.68,18.56,18.56
NERV,2021-05-05,18.88,19.36,18.0,19.04
NERV,2021-05-06,18.8,18.8,17.92,18.0
NERV,2021-05-07,18.08,18.32,17.92,18.08
NERV,2021-05-10,18.32,18.76,17.76,18.32
NERV,2021-05-11,17.76,18.48,17.2,17.84
NERV,2021-05-12,20.96,24.0,20.16,20.64
NERV,2021-05-13,20.48,22.0,19.52,21.52
NERV,2021-05-14,21.6,23.84,20.88,23.44
NERV,2021-05-17,23.6,26.96,23.36,26.64
NERV,2021-05-18,26.88,28.28,25.12,28.08
NERV,2021-05-19,27.12,27.216,24.56,25.36
NERV,2021-05-20,24.96,26.16,24.48,25.36
NERV,2021-05-21,25.92,25.92,24.8,24.88
NERV,2021-05-24,24.512,24.8,23.28,24.24
NERV,2021-05-25,24.32,24.8,23.52,23.52
NERV,2021-05-26,23.36,25.12,22.96,24.4
NERV,2021-05-27,24.0,24.56,23.68,23.68
NERV,2021-05-28,23.68,24.72,23.44,23.6
NERV,2021-06-01,23.6,24.0,22.72,23.76
NERV,2021-06-02,23.84,23.84,23.04,23.6
NERV,2021-06-03,23.28,23.72,23.016,23.36
NERV,2021-06-04,23.2,24.0,23.12,23.2
NERV,2021-06-07,22.88,24.32,22.88,24.24
NERV,2021-06-08,24.16,24.96,23.84,24.32
NERV,2021-06-09,24.4,25.12,23.84,23.92
NERV,2021-06-10,24.24,25.04,23.84,24.56
NERV,2021-06-11,24.88,24.88,23.12,23.2
NERV,2021-06-14,23.12,23.92,22.84,23.68
NERV,2021-06-15,23.68,23.68,22.32,22.4
NERV,2021-06-16,22.48,22.56,21.76,22.4
NERV,2021-06-17,22.4,22.4,21.08,21.44
NERV,2021-06-18,21.2,21.92,20.6,21.04
NERV,2021-06-21,20.92,21.04,20.0,20.32
NERV,2021-06-22,20.32,20.72,18.8,19.68
NERV,2021-06-23,19.64,20.0,19.2,19.68
NERV,2021-06-24,19.984,20.08,19.6,19.84
NERV,2021-06-25,19.68,20.64,19.68,19.76
NERV,2021-06-28,20.16,20.32,19.28,19.28
NERV,2021-06-29,19.6,19.6,18.56,18.96
NERV,2021-06-30,18.72,19.28,18.4,18.56
NERV,2021-07-01,18.8,19.12,18.24,18.72
NERV,2021-07-02,19.04,19.04,18.0,18.56
NERV,2021-07-06,18.8,18.8,17.84,18.56
NERV,2021-07-07,18.8,18.8,17.92,18.48
NERV,2021-07-08,18.16,18.24,17.56,18.0
NERV,2021-07-09,18.32,18.32,17.84,18.0
NERV,2021-07-12,18.0,18.24,17.44,17.68
NERV,2021-07-13,17.76,17.92,16.48,16.56
NERV,2021-07-14,16.8,16.8,16.0,16.08
NERV,2021-07-15,16.08,16.56,15.6,16.16
NERV,2021-07-16,16.48,16.48,15.44,15.44
NERV,2021-07-19,15.72,16.08,15.28,15.76
NERV,2021-07-20,15.6,16.24,15.36,16.16
NERV,2021-07-21,16.16,16.72,16.16,16.48
NERV,2021-07-22,16.64,16.72,15.84,16.0
NERV,2021-07-23,16.0,16.2,15.28,15.52
NERV,2021-07-26,15.48,15.92,15.04,15.12
NERV,2021-07-27,15.12,15.44,14.4,14.8
NERV,2021-07-28,15.28,15.52,14.8,15.28
NERV,2021-07-29,15.12,15.28,14.8,14.96
NERV,2021-07-30,14.8,15.12,14.6,14.72
NERV,2021-08-02,14.56,14.72,14.0,14.72
NERV,2021-08-03,14.72,14.8,13.88,14.16
NERV,2021-08-04,14.16,14.32,13.36,13.68
NERV,2021-08-05,13.92,14.48,13.704,14.48
NERV,2021-08-06,14.4,14.72,13.936,14.64
NERV,2021-08-09,14.8,14.8,12.32,12.88
NERV,2021-08-10,13.2,13.36,12.48,12.72
NERV,2021-08-11,12.48,14.08,12.48,13.52
NERV,2021-08-12,13.72,13.92,13.04,13.52
NERV,2021-08-13,13.44,13.912,13.2,13.52
NERV,2021-08-16,13.76,14.24,13.04,13.68
NERV,2021-08-17,13.76,14.32,13.6,14.24
NERV,2021-08-18,14.48,15.52,14.08,15.44
NERV,2021-08-19,15.12,16.16,14.16,14.4
NERV,2021-08-20,14.56,14.776,14.16,14.64
NERV,2021-08-23,15.12,16.56,14.8,16.48
NERV,2021-08-24,16.72,17.04,15.352,15.6
NERV,2021-08-25,15.6,15.976,14.72,15.28
NERV,2021-08-26,15.28,15.44,14.64,14.8
NERV,2021-08-27,14.8,15.6,14.8,15.12
NERV,2021-08-30,15.12,15.28,13.84,14.16
NERV,2021-08-31,14.32,14.72,14.16,14.72
NERV,2021-09-01,14.56,15.04,14.08,14.24
NERV,2021-09-02,14.32,14.72,14.24,14.64
NERV,2021-09-03,14.8,14.8,14.24,14.32
NERV,2021-09-07,14.24,14.44,13.92,14.4
NERV,2021-09-08,14.48,14.496,13.52,13.76
NERV,2021-09-09,13.76,13.84,13.28,13.36
NERV,2021-09-10,13.28,13.44,12.88,13.36
NERV,2021-09-13,13.28,13.92,13.28,13.68
NERV,2021-09-14,13.52,14.08,13.12,13.84
NERV,2021-09-15,13.84,14.24,13.2,13.36
NERV,2021-09-16,13.36,15.0,13.04,14.72
NERV,2021-09-17,14.88,14.88,13.6,13.6
NERV,2021-09-20,13.52,14.48,13.28,14.4
NERV,2021-09-21,14.48,14.72,13.84,14.0
NERV,2021-09-22,14.08,14.24,13.28,13.44
NERV,2021-09-23,13.52,14.88,13.2,14.72
NERV,2021-09-24,14.72,16.64,13.92,16.32
NERV,2021-09-27,16.24,16.8,15.68,16.16
NERV,2021-09-28,16.08,16.08,14.56,14.8
NERV,2021-09-29,14.96,15.32,14.08,14.16
NERV,2021-09-30,14.56,15.04,13.248,13.92
NERV,2021-10-01,14.16,14.392,12.24,12.64
NERV,2021-10-04,12.64,12.648,11.6,12.08
NERV,2021-10-05,12.16,12.24,11.32,11.6
NERV,2021-10-06,11.6,11.68,10.96,11.12
NERV,2021-10-07,11.2,11.68,11.04,11.36
NERV,2021-10-08,11.6,11.68,11.28,11.44
NERV,2021-10-11,11.6,11.68,11.12,11.2
NERV,2021-10-12,11.36,11.44,10.8,10.96
NERV,2021-10-13,10.96,11.76,10.8,11.68
NERV,2021-10-14,11.52,11.584,11.2,11.28
NERV,2021-10-15,11.6,11.6,10.8,10.8
NERV,2021-10-18,10.88,10.944,10.32,10.36
NERV,2021-10-19,10.56,10.56,10.16,10.32
NERV,2021-10-20,10.24,10.56,10.24,10.48
NERV,2021-10-21,10.48,10.56,10.24,10.4
NERV,2021-10-22,10.56,10.56,10.0,10.16
NERV,2021-10-25,10.16,10.6,10.0,10.56
NERV,2021-10-26,10.56,11.2,10.496,10.96
NERV,2021-10-27,10.96,11.04,10.8,10.88
NERV,2021-10-28,11.04,11.12,10.88,10.96
NERV,2021-10-29,11.12,11.28,11.04,11.2
NERV,2021-11-01,11.28,11.68,11.28,11.6
NERV,2021-11-02,11.68,11.928,11.52,11.68
NERV,2021-11-03,10.4,11.28,10.08,11.28
NERV,2021-11-04,11.36,11.6,11.288,11.44
NERV,2021-11-05,11.28,11.52,10.72,10.8
NERV,2021-11-08,11.04,11.36,10.64,11.28
NERV,2021-11-09,11.2,11.84,11.12,11.68
NERV,2021-11-10,11.68,11.92,10.88,10.96
NERV,2021-11-11,11.04,11.12,10.64,10.8
NERV,2021-11-12,10.96,10.96,10.32,10.48
NERV,2021-11-15,10.88,10.88,10.24,10.32
NERV,2021-11-16,10.4,10.64,10.16,10.56
NERV,2021-11-17,10.4,10.88,10.0,10.0
NERV,2021-11-18,10.08,10.08,9.04,9.44
NERV,2021-11-19,9.2,9.36,8.88,8.96
NERV,2021-11-22,9.04,9.44,8.8,8.96
NERV,2021-11-23,9.2,9.2,8.24,8.56
NERV,2021-11-24,8.48,8.56,8.32,8.48
NERV,2021-11-26,8.24,8.64,8.24,8.48
NERV,2021-11-29,8.64,8.72,8.0,8.0
NERV,2021-11-30,8.0,8.24,7.44,7.768
NERV,2021-12-01,8.0,8.16,6.8,7.24
NERV,2021-12-02,7.2,7.424,6.92,7.328
NERV,2021-12-03,7.48,7.92,7.272,7.408
NERV,2021-12-06,7.328,7.632,6.656,6.984
NERV,2021-12-07,7.28,7.76,7.04,7.504
NERV,2021-12-08,7.592,7.912,7.36,7.736
NERV,2021-12-09,7.456,7.84,7.312,7.616
NERV,2021-12-10,7.576,7.784,7.12,7.248
NERV,2021-12-13,7.28,7.64,7.12,7.152
NERV,2021-12-14,7.104,7.168,6.728,6.92
NERV,2021-12-15,6.984,7.2,6.44,6.944
NERV,2021-12-16,7.296,7.488,6.896,7.184
NERV,2021-12-17,7.04,7.44,6.744,7.424
NERV,2021-12-20,7.36,7.92,6.88,7.6
NERV,2021-12-21,7.664,7.84,7.28,7.344
NERV,2021-12-22,7.28,7.6,7.096,7.376
NERV,2021-12-23,7.44,7.832,7.36,7.72
NERV,2021-12-27,7.84,7.84,7.024,7.04
NERV,2021-12-28,7.12,7.312,6.648,6.944
NERV,2021-12-29,6.8,6.8,6.56,6.784
NERV,2021-12-30,6.64,6.88,6.416,6.648
NERV,2021-12-31,6.64,6.88,6.304,6.408
NERV,2022-01-03,6.64,7.368,6.328,7.36
NERV,2022-01-04,7.2,7.2,6.88,7.112
NERV,2022-01-05,7.12,7.2,6.56,6.872
NERV,2022-01-06,7.024,7.12,6.8,7.04
NERV,2022-01-07,7.04,7.192,6.72,6.784
NERV,2022-01-10,6.712,6.792,6.4,6.68
NERV,2022-01-11,6.584,6.96,6.56,6.72
NERV,2022-01-12,6.88,7.12,6.712,7.0
NERV,2022-01-13,6.952,7.2,6.864,7.008
NERV,2022-01-14,6.96,7.152,6.68,6.68
NERV,2022-01-18,6.88,6.88,6.56,6.616
NERV,2022-01-19,6.712,6.72,6.408,6.536
NERV,2022-01-20,6.536,6.984,6.536,6.744
NERV,2022-01-21,6.688,6.96,6.552,6.752
NERV,2022-01-24,6.48,6.64,6.0,6.08
NERV,2022-01-25,6.08,6.56,5.68,5.84
NERV,2022-01-26,5.8,6.232,5.76,5.848
NERV,2022-01-27,6.064,6.08,5.8,5.92
NERV,2022-01-28,5.96,6.056,5.68,5.76
NERV,2022-01-31,5.736,7.008,5.72,6.6
NERV,2022-02-01,6.64,6.8,6.24,6.4
NERV,2022-02-02,6.56,6.616,6.16,6.32
NERV,2022-02-03,6.408,6.44,6.08,6.08
NERV,2022-02-04,6.4,6.4,6.0,6.0
NERV,2022-02-07,6.4,6.56,6.08,6.296
NERV,2022-02-08,6.16,6.52,6.0,6.12
NERV,2022-02-09,6.0,6.48,6.0,6.264
NERV,2022-02-10,6.272,6.384,6.016,6.08
NERV,2022-02-11,6.016,6.16,5.76,5.816
NERV,2022-02-14,5.76,6.064,5.488,5.6
NERV,2022-02-15,5.8,6.4,5.6,6.32
NERV,2022-02-16,6.32,6.64,5.896,6.328
NERV,2022-02-17,6.64,6.64,6.0,6.136
NERV,2022-02-18,6.192,6.192,5.624,5.92
NERV,2022-02-22,5.6,6.0,5.584,5.6
NERV,2022-02-23,5.752,6.0,5.52,5.624
NERV,2022-02-24,5.2,5.6,5.176,5.48
NERV,2022-02-25,5.36,5.616,5.36,5.456
NERV,2022-02-28,5.52,5.936,5.368,5.648
NERV,2022-03-01,5.608,5.92,5.384,5.528
NERV,2022-03-02,5.6,5.92,5.48,5.68
NERV,2022-03-03,5.68,5.68,5.44,5.44
NERV,2022-03-04,5.656,5.656,5.36,5.36
NERV,2022-03-07,5.392,5.76,5.04,5.072
NERV,2022-03-08,5.352,5.6,5.04,5.416
NERV,2022-03-09,5.52,5.6,5.232,5.384
NERV,2022-03-10,5.36,5.52,5.28,5.52
NERV,2022-03-11,5.52,5.6,5.312,5.52
NERV,2022-03-14,5.288,5.76,5.216,5.264
NERV,2022-03-15,5.296,5.688,5.224,5.36
NERV,2022-03-16,5.36,5.6,5.24,5.4
NERV,2022-03-17,5.68,6.0,5.28,5.76
NERV,2022-03-18,5.728,6.472,5.608,6.32
NERV,2022-03-21,6.48,6.48,6.0,6.24
NERV,2022-03-22,6.448,6.6,6.16,6.36
NERV,2022-03-23,6.4,6.4,6.24,6.32
NERV,2022-03-24,6.16,6.48,6.16,6.416
NERV,2022-03-25,6.56,6.64,5.936,6.48
NERV,2022-03-28,6.56,6.64,6.232,6.232
NERV,2022-03-29,6.56,6.696,6.2,6.44
NERV,2022-03-30,6.64,6.96,6.544,6.76
NERV,2022-03-31,6.72,6.8,6.48,6.64
NERV,2022-04-01,6.776,7.168,6.64,6.96
NERV,2022-04-04,6.96,7.832,6.64,7.68
NERV,2022-04-05,7.6,7.92,7.296,7.32
NERV,2022-04-06,7.2,7.2,6.672,6.92
NERV,2022-04-07,7.0,7.92,6.64,6.656
NERV,2022-04-08,6.2,6.736,6.2,6.512
NERV,2022-04-11,5.872,6.056,5.68,5.92
NERV,2022-04-12,5.864,6.32,5.608,5.664
NERV,2022-04-13,5.6,6.28,5.6,6.048
NERV,2022-04-14,6.104,6.24,5.84,6.232
NERV,2022-04-18,6.216,6.216,5.6,5.616
NERV,2022-04-19,5.616,5.88,5.6,5.6
NERV,2022-04-20,5.68,5.816,5.52,5.6
NERV,2022-04-21,5.6,5.6,5.232,5.48
NERV,2022-04-22,5.48,5.808,5.176,5.288
NERV,2022-04-25,5.4,5.52,5.088,5.144
NERV,2022-04-26,5.28,5.36,4.8,4.84
NERV,2022-04-27,4.64,4.88,4.48,4.544
NERV,2022-04-28,4.48,4.984,4.36,4.36
NERV,2022-04-29,4.208,4.384,3.88,4.08
NERV,2022-05-02,4.08,4.304,3.92,4.0
NERV,2022-05-03,4.24,4.296,4.0,4.008
NERV,2022-05-04,4.008,4.16,3.92,4.0
NERV,2022-05-05,4.08,4.464,4.04,4.048
NERV,2022-05-06,4.16,4.4,3.76,3.76
NERV,2022-05-09,3.648,3.744,3.144,3.36
NERV,2022-05-10,3.336,4.24,3.216,3.264
NERV,2022-05-11,3.392,4.0,3.04,3.216
NERV,2022-05-12,3.04,3.424,2.856,3.04
NERV,2022-05-13,3.192,3.2,2.648,3.08
NERV,2022-05-16,2.992,3.2,2.824,3.12
NERV,2022-05-17,3.136,3.312,3.048,3.096
NERV,2022-05-18,3.648,3.648,3.048,3.12
NERV,2022-05-19,3.04,3.432,2.968,3.128
NERV,2022-05-20,3.112,3.112,2.8,2.976
NERV,2022-05-23,3.04,3.424,2.88,2.88
NERV,2022-05-24,3.08,3.192,2.8,2.808
NERV,2022-05-25,2.96,3.176,2.84,2.88
NERV,2022-05-26,3.04,3.28,2.92,3.12
NERV,2022-05-27,3.24,3.44,3.24,3.44
NERV,2022-05-31,3.48,3.56,3.2,3.2
NERV,2022-06-01,3.28,3.6,3.28,3.36
NERV,2022-06-02,3.36,3.44,3.2,3.384
NERV,2022-06-03,3.384,3.384,2.624,3.264
NERV,2022-06-06,3.264,3.272,2.96,3.024
NERV,2022-06-07,3.04,3.2,3.0,3.12
NERV,2022-06-08,3.2,3.36,3.04,3.264
NERV,2022-06-09,3.28,3.44,3.072,3.12
NERV,2022-06-10,3.12,3.4,3.048,3.32
NERV,2022-06-13,3.28,3.6,3.128,3.52
NERV,2022-06-14,3.544,3.8,3.208,3.288
NERV,2022-06-15,3.288,3.624,3.288,3.304
NERV,2022-06-16,3.32,3.528,2.808,3.144
NERV,2022-06-17,3.048,3.32,2.888,3.16
NERV,2022-06-21,2.84,3.018,2.7,2.85
NERV,2022-06-22,2.71,2.936,2.7,2.7
NERV,2022-06-23,2.82,3.11,2.74,2.9
NERV,2022-06-24,2.9,3.41,2.89,3.17
NERV,2022-06-27,3.17,3.37,3.17,3.27
NERV,2022-06-28,3.31,3.687,3.29,3.44
NERV,2022-06-29,3.41,3.541,3.335,3.42
NERV,2022-06-30,3.335,3.42,3.26,3.31
NERV,2022-07-01,3.47,3.7,3.31,3.59
NERV,2022-07-05,3.595,3.65,3.23,3.25
NERV,2022-07-06,3.2,3.499,3.17,3.21
NERV,2022-07-07,3.22,3.5,3.19,3.45
NERV,2022-07-08,3.44,3.55,3.308,3.39
NERV,2022-07-11,3.43,3.499,2.965,3.0
NERV,2022-07-12,3.07,3.194,3.07,3.18
NERV,2022-07-13,3.19,3.35,3.19,3.26
NERV,2022-07-14,3.19,3.249,3.0,3.11
NERV,2022-07-15,3.1,3.11,2.984,3.05
NERV,2022-07-18,3.01,3.07,2.72,2.79
NERV,2022-07-19,2.76,2.989,2.76,2.86
NERV,2022-07-20,2.85,3.0,2.76,2.97
NERV,2022-07-21,2.955,3.0,2.9,3.0
NERV,2022-07-22,2.99,2.99,2.815,2.83
NERV,2022-07-25,2.87,2.87,2.53,2.53
NERV,2022-07-26,2.516,2.76,2.516,2.63
NERV,2022-07-27,2.6,2.62,2.51,2.53
NERV,2022-07-28,2.536,2.709,2.53,2.66
NERV,2022-07-29,2.631,2.71,2.63,2.68
NERV,2022-08-01,2.71,2.71,2.534,2.58
NERV,2022-08-02,2.54,2.79,2.54,2.68
NERV,2022-08-03,2.765,2.765,2.62,2.68
NERV,2022-08-04,3.02,7.15,2.85,4.7
NERV,2022-08-05,3.99,5.373,3.82,4.95
NERV,2022-08-08,4.78,5.04,4.58,4.73
NERV,2022-08-09,4.38,4.54,3.6,3.6
NERV,2022-08-10,3.74,3.74,3.29,3.42
NERV,2022-08-11,3.4,3.4,3.15,3.39
NERV,2022-08-12,3.38,3.6,3.11,3.29
NERV,2022-08-15,3.1,3.33,3.06,3.1
NERV,2022-08-16,3.1,3.2,3.0,3.13
NERV,2022-08-17,3.15,3.52,3.01,3.29
NERV,2022-08-18,3.28,3.67,3.25,3.4
NERV,2022-08-19,3.4,3.4,3.06,3.105
NERV,2022-08-22,3.29,5.19,3.1,4.59
NERV,2022-08-23,4.3,5.04,4.12,4.51
NERV,2022-08-24,5.39,8.58,5.13,7.51
NERV,2022-08-25,6.85,7.16,6.18,6.53
NERV,2022-08-26,6.45,10.9,6.4,10.33
NERV,2022-08-29,9.75,14.42,9.36,11.66
NERV,2022-08-30,10.99,13.74,9.55,13.17
NERV,2022-08-31,12.03,15.27,10.76,11.28
NERV,2022-09-01,10.55,11.93,9.4,9.68
NERV,2022-09-02,9.31,10.7,8.8,9.22
NERV,2022-09-06,9.18,9.5,8.62,8.87
NERV,2022-09-07,8.79,9.63,8.57,9.35
NERV,2022-09-08,9.01,11.6,9.01,10.55
NERV,2022-09-09,10.2,11.447,10.2,10.33
NERV,2022-09-12,10.0,10.546,9.61,9.82
NERV,2022-09-13,9.62,10.81,9.62,10.58
NERV,2022-09-14,10.21,11.23,9.97,9.98
NERV,2022-09-15,9.67,10.1,9.02,9.06
NERV,2022-09-16,9.0,9.47,8.91,9.14
NERV,2022-09-19,9.02,9.44,8.59,8.65
NERV,2022-09-20,8.44,8.98,8.31,8.545
NERV,2022-09-21,8.455,8.98,8.35,8.5
NERV,2022-09-22,8.38,9.26,8.31,9.18
NERV,2022-09-23,8.88,9.79,8.81,9.33
NERV,2022-09-26,9.07,9.59,9.01,9.1
NERV,2022-09-27,9.2,9.8,8.71,9.4
NERV,2022-09-28,9.69,9.69,9.01,9.45
NERV,2022-09-29,9.45,9.62,9.11,9.52
NERV,2022-09-30,9.57,10.28,9.09,9.23
NERV,2022-10-03,9.4,9.884,9.11,9.79
NERV,2022-10-04,9.79,10.33,9.36,9.76
NERV,2022-10-05,9.71,10.15,9.71,10.15
NERV,2022-10-06,10.13,10.67,9.975,10.38
NERV,2022-10-07,10.2,10.2,9.74,9.74
NERV,2022-10-10,9.75,10.65,9.55,10.47
NERV,2022-10-11,10.51,12.54,10.402,12.46
NERV,2022-10-12,12.55,13.45,12.16,13.19
NERV,2022-10-13,12.8,13.38,12.25,12.48
NERV,2022-10-14,12.79,14.7,12.26,13.43
NERV,2022-10-17,4.43,6.419,4.08,4.09
NERV,2022-10-18,4.05,4.1,3.75,3.8
NERV,2022-10-19,3.72,3.72,3.06,3.28
NERV,2022-10-20,3.28,3.47,3.216,3.27
NERV,2022-10-21,3.18,3.28,3.0,3.18
NERV,2022-10-24,3.1,3.11,2.76,2.98
NERV,2022-10-25,2.92,3.12,2.9,2.98
NERV,2022-10-26,2.95,3.23,2.89,2.93
NERV,2022-10-27,2.94,2.98,2.822,2.86
NERV,2022-10-28,2.88,2.936,2.73,2.76
NERV,2022-10-31,2.68,2.86,2.65,2.65
NERV,2022-11-01,2.68,2.87,2.66,2.76
NERV,2022-11-02,2.75,2.99,2.728,2.94
NERV,2022-11-03,2.77,2.947,2.75,2.75
NERV,2022-11-04,2.76,2.86,2.51,2.55
NERV,2022-11-07,2.7,2.81,2.55,2.69
NERV,2022-11-08,2.75,3.18,2.702,2.995
NERV,2022-11-09,3.03,3.96,2.81,3.26
NERV,2022-11-10,3.06,3.45,2.92,3.4
NERV,2022-11-11,3.35,3.55,3.11,3.34
NERV,2022-11-14,3.25,3.36,3.0,3.06
NERV,2022-11-15,3.2,3.5,3.08,3.45
NERV,2022-11-16,3.29,3.49,3.26,3.29
NERV,2022-11-17,3.28,3.67,3.28,3.62
NERV,2022-11-18,3.64,3.9,3.52,3.88
NERV,2022-11-21,3.72,3.92,3.4,3.4
NERV,2022-11-22,3.49,3.58,3.41,3.58
NERV,2022-11-23,3.45,3.6,3.41,3.41
NERV,2022-11-25,3.58,3.706,3.4,3.42
NERV,2022-11-28,3.42,3.584,3.23,3.32
NERV,2022-11-29,3.29,3.43,3.255,3.34
NERV,2022-11-30,3.3,3.58,3.26,3.54
NERV,2022-12-01,3.53,3.61,3.53,3.59
NERV,2022-12-02,3.58,3.63,3.33,3.4
NERV,2022-12-05,3.39,3.42,3.17,3.32
NERV,2022-12-06,3.29,3.32,2.99,2.99
NERV,2022-12-07,2.94,3.21,2.87,3.04
NERV,2022-12-08,3.03,3.21,2.915,3.2
NERV,2022-12-09,3.11,3.24,3.0,3.11
NERV,2022-12-12,3.06,3.3,3.01,3.28
NERV,2022-12-13,3.17,3.33,3.08,3.11
NERV,2022-12-14,3.1,3.18,2.9,3.01
NERV,2022-12-15,2.97,2.99,2.77,2.81
NERV,2022-12-16,2.74,2.86,2.61,2.85
NERV,2022-12-19,2.87,2.87,2.6,2.606
NERV,2022-12-20,2.6,2.95,2.6,2.74
NERV,2022-12-21,2.7,2.799,2.65,2.75
NERV,2022-12-22,2.715,2.729,2.485,2.56
NERV,2022-12-23,2.49,2.61,2.43,2.48
NERV,2022-12-27,2.46,2.5,2.21,2.35
NERV,2022-12-28,1.68,2.1,1.4,1.43
NERV,2022-12-29,1.4,1.51,1.26,1.51
NERV,2022-12-30,1.49,1.6,1.36,1.59
NERV,2023-01-03,1.6,1.66,1.429,1.51
NERV,2023-01-04,1.51,1.72,1.43,1.66
NERV,2023-01-05,1.66,1.7,1.56,1.6
NERV,2023-01-06,1.58,1.69,1.58,1.68
NERV,2023-01-09,1.66,1.69,1.6,1.66
NERV,2023-01-10,1.67,1.93,1.67,1.88
NERV,2023-01-11,1.9,2.99,1.885,2.28
NERV,2023-01-12,2.32,2.39,2.04,2.16
NERV,2023-01-13,2.15,2.27,2.15,2.22
NERV,2023-01-17,2.22,2.235,1.97,2.015
NERV,2023-01-18,2.128,2.13,1.92,1.96
NERV,2023-01-19,1.91,1.96,1.86,1.95
NERV,2023-01-20,1.9,1.994,1.87,1.95
NERV,2023-01-23,1.93,2.4,1.93,2.39
NERV,2023-01-24,2.4,2.43,2.18,2.22
NERV,2023-01-25,2.2,2.26,2.12,2.14
NERV,2023-01-26,2.15,2.34,2.15,2.21
NERV,2023-01-27,2.24,2.44,2.211,2.36
NERV,2023-01-30,2.35,2.51,2.3,2.32
NERV,2023-01-31,2.37,2.4,2.345,2.39
NERV,2023-02-01,2.36,2.475,2.28,2.33
NERV,2023-02-02,2.34,2.52,2.34,2.52
NERV,2023-02-03,2.54,3.11,2.51,2.87
NERV,2023-02-06,2.9,3.03,2.75,2.97
NERV,2023-02-07,2.94,3.09,2.8,2.89
NERV,2023-02-08,2.85,3.13,2.85,3.09
NERV,2023-02-09,3.09,3.11,2.52,2.56
NERV,2023-02-10,2.53,2.7,2.365,2.43
NERV,2023-02-13,2.45,2.45,2.148,2.41
NERV,2023-02-14,2.34,2.4,2.25,2.33
NERV,2023-02-15,2.24,2.6,2.24,2.36
NERV,2023-02-16,2.4,2.42,2.36,2.37
NERV,2023-02-17,2.35,2.43,2.26,2.36
NERV,2023-02-21,2.33,2.375,2.25,2.26
NERV,2023-02-22,2.21,2.38,2.21,2.29
NERV,2023-02-23,2.35,2.35,2.24,2.3
NERV,2023-02-24,2.28,2.28,2.135,2.15
NERV,2023-02-27,2.1,2.23,2.06,2.115
NERV,2023-02-28,2.08,2.18,2.05,2.16
NERV,2023-03-01,2.09,2.24,2.09,2.11
NERV,2023-03-02,2.23,2.23,2.0,2.08
NERV,2023-03-03,2.04,2.14,2.022,2.1
NERV,2023-03-06,2.12,2.12,2.05,2.07
NERV,2023-03-07,2.04,2.094,2.0,2.025
NERV,2023-03-08,2.11,2.18,1.81,1.87
NERV,2023-03-09,1.87,1.915,1.8,1.81
NERV,2023-03-10,1.8,1.84,1.61,1.665
NERV,2023-03-13,1.63,1.76,1.588,1.72
NERV,2023-03-14,1.66,1.79,1.66,1.78
NERV,2023-03-15,1.81,1.88,1.74,1.74
NERV,2023-03-16,1.76,1.78,1.5,1.63
NERV,2023-03-17,1.66,1.709,1.55,1.6
NERV,2023-03-20,1.61,1.67,1.56,1.59
NERV,2023-03-21,1.59,1.7,1.56,1.69
NERV,2023-03-22,1.704,1.76,1.67,1.701
NERV,2023-03-23,1.685,1.685,1.63,1.65
NERV,2023-03-24,1.68,1.68,1.6,1.66
NERV,2023-03-27,1.64,1.71,1.61,1.64
NERV,2023-03-28,1.704,1.71,1.69,1.69
NERV,2023-03-29,1.68,1.71,1.66,1.71
NERV,2023-03-30,1.65,1.74,1.62,1.63
NERV,2023-03-31,1.68,1.69,1.6,1.6
NERV,2023-04-03,1.64,1.685,1.58,1.6596
NERV,2023-04-04,1.63,1.6575,1.5841,1.615
NERV,2023-04-05,1.6538,1.6693,1.62,1.62
NERV,2023-04-06,1.62,1.65,1.62,1.63
NERV,2023-04-10,1.65,1.8262,1.65,1.8051
NERV,2023-04-11,1.9,2.51,1.9,2.31
NERV,2023-04-12,2.39,2.5,2.03,2.13
NERV,2023-04-13,2.13,2.1379,2.021,2.09
NERV,2023-04-14,2.04,2.28,2.04,2.28
NERV,2023-04-17,2.37,2.85,2.3,2.76
NERV,2023-04-18,2.7,3.38,2.6807,2.88
NERV,2023-04-19,2.94,3.4599,2.94,3.06
NERV,2023-04-20,2.94,3.26,2.82,2.87
NERV,2023-04-21,2.76,2.8581,2.41,2.46
NERV,2023-04-24,2.46,2.47,2.3114,2.3901
NERV,2023-04-25,2.38,2.38,2.2591,2.33
NERV,2023-04-26,2.33,2.7194,2.33,2.6
NERV,2023-04-27,2.72,2.8,2.65,2.7
NERV,2023-04-28,2.83,2.86,2.7307,2.8
NERV,2023-05-01,3.11,5.75,3.11,3.76
NERV,2023-05-02,3.86,4.97,3.55,4.59
NERV,2023-05-03,4.41,4.78,4.09,4.62
NERV,2023-05-04,4.4,4.76,4.4,4.61
NERV,2023-05-05,4.66,6.5206,4.66,6.0
NERV,2023-05-08,6.49,6.49,5.08,5.87
NERV,2023-05-09,5.69,6.99,5.69,6.8
NERV,2023-05-10,6.94,8.49,6.9,7.73
NERV,2023-05-11,7.55,7.75,7.23,7.75
NERV,2023-05-12,7.6,7.7613,6.74,7.27
NERV,2023-05-15,7.06,7.1,6.3,6.44
NERV,2023-05-16,6.3,6.3,5.28,5.64
NERV,2023-05-17,5.49,6.18,5.46,6.11
NERV,2023-05-18,6.31,6.7344,5.996,6.73
NERV,2023-05-19,6.84,6.8499,6.26,6.71
NERV,2023-05-22,6.77,7.3499,6.72,6.82
NERV,2023-05-23,6.81,7.0495,6.2,6.55
NERV,2023-05-24,6.42,7.01,6.42,6.81
NERV,2023-05-25,6.86,7.1,6.2,6.355
NERV,2023-05-26,6.34,6.528,5.92,5.97
NERV,2023-05-30,5.96,6.22,5.6498,5.92
NERV,2023-05-31,5.78,6.07,5.62,5.97
NERV,2023-06-01,5.97,6.4399,5.96,6.43
NERV,2023-06-02,6.43,6.84,6.43,6.63
NERV,2023-06-05,6.69,7.04,6.66,7.02
NERV,2023-06-06,7.09,7.22,6.83,6.93
NERV,2023-06-07,7.07,7.07,6.67,6.84
NERV,2023-06-08,6.79,6.97,6.4101,6.95
NERV,2023-06-09,7.0,7.1,6.7868,6.96
NERV,2023-06-12,6.85,7.06,6.55,6.65
NERV,2023-06-13,6.56,6.978,6.56,6.78
NERV,2023-06-14,6.77,7.75,6.77,7.52
NERV,2023-06-15,7.52,7.6872,7.03,7.32
NERV,2023-06-16,7.44,7.48,6.36,6.73
NERV,2023-06-20,6.6,6.66,6.25,6.35
NERV,2023-06-21,6.33,6.53,6.06,6.25
NERV,2023-06-22,6.23,6.25,6.0,6.15
NERV,2023-06-23,6.29,6.29,5.6147,6.11
NERV,2023-06-26,5.92,6.2295,5.585,6.09
NERV,2023-06-27,6.1,6.185,5.9,6.02
NERV,2023-06-28,8.12,11.1399,7.72,10.19
NERV,2023-06-29,9.14,9.77,9.01,9.32
NERV,2023-06-30,9.3,9.59,8.72,9.14
NERV,2023-07-03,8.8,9.36,8.7,9.12
NERV,2023-07-05,9.0,9.2,8.8,9.04
NERV,2023-07-06,8.98,10.2466,8.98,10.24
NERV,2023-07-07,10.19,10.83,9.78,10.71
NERV,2023-07-10,10.54,11.28,10.54,11.25
NERV,2023-07-11,11.48,11.59,10.65,11.13
NERV,2023-07-12,11.15,13.2199,10.86,13.05
NERV,2023-07-13,12.87,13.0353,11.3,11.8
NERV,2023-07-14,11.63,12.7,11.63,12.07
NERV,2023-07-17,11.56,11.81,10.53,10.72
NERV,2023-07-18,10.56,11.5,10.56,10.63
NERV,2023-07-19,10.44,10.95,9.27,9.27
NERV,2023-07-20,9.21,10.0,9.1001,9.25
NERV,2023-07-21,9.24,9.3333,8.315,8.42
NERV,2023-07-24,8.37,9.14,8.37,9.04
NERV,2023-07-25,8.82,8.84,8.35,8.5
NERV,2023-07-26,8.31,9.1,8.31,8.5
NERV,2023-07-27,8.47,8.76,8.38,8.76
NERV,2023-07-28,8.71,9.39,8.5268,9.33
NERV,2023-07-31,9.49,9.75,9.24,9.51
NERV,2023-08-01,9.25,10.44,8.911,10.38
NERV,2023-08-02,10.4,10.68,9.7501,10.52
NERV,2023-08-03,10.7,10.7,10.021,10.11
NERV,2023-08-04,9.92,10.21,9.48,9.7
NERV,2023-08-07,9.35,9.94,8.71,9.52
NERV,2023-08-08,9.37,9.49,9.109,9.23
NERV,2023-08-09,9.44,9.465,9.0,9.13
NERV,2023-08-10,9.21,9.5,8.99,9.24
NERV,2023-08-11,9.46,9.46,9.06,9.27
NERV,2023-08-14,9.4,9.4,8.4,8.77
NERV,2023-08-15,8.8,9.17,8.46,8.95
NERV,2023-08-16,8.94,9.08,8.47,8.79
NERV,2023-08-17,8.76,8.99,8.425,8.72
NERV,2023-08-18,8.6,8.87,8.31,8.7
NERV,2023-08-21,8.67,9.35,8.35,9.35
NERV,2023-08-22,9.04,9.23,8.65,9.19
NERV,2023-08-23,9.05,9.4199,8.68,8.93
NERV,2023-08-24,8.96,8.99,8.46,8.94
NERV,2023-08-25,8.87,9.15,8.51,9.07
NERV,2023-08-28,9.02,9.31,7.73,7.73
NERV,2023-08-29,7.7,8.26,7.69,8.21
NERV,2023-08-30,8.15,8.295,7.9,8.2
NERV,2023-08-31,8.19,8.38,8.1601,8.37
NERV,2023-09-01,8.39,8.67,8.14,8.38
NERV,2023-09-05,8.37,8.55,7.4401,7.61
NERV,2023-09-06,7.6,8.5,7.6,8.19
NERV,2023-09-07,8.05,8.05,7.3,7.84
NERV,2023-09-08,7.84,7.84,7.36,7.8
NERV,2023-09-11,7.8,8.16,7.57,8.0
NERV,2023-09-12,8.01,8.3,7.9,8.1
NERV,2023-09-13,8.69,8.69,7.71,7.79
NERV,2023-09-14,7.71,8.12,7.71,7.86
NERV,2023-09-15,7.92,7.92,7.78,7.78
NERV,2023-09-18,7.71,7.91,7.6485,7.9
NERV,2023-09-19,7.88,8.18,7.6505,8.1
NERV,2023-09-20,8.12,8.12,7.91,7.91
NERV,2023-09-21,7.87,7.87,7.61,7.83
NERV,2023-09-22,7.93,7.93,7.51,7.7
NERV,2023-09-25,7.66,7.68,7.22,7.41
NERV,2023-09-26,7.33,7.49,7.3,7.34
NERV,2023-09-27,7.36,7.39,7.15,7.3
NERV,2023-09-28,7.28,7.31,7.015,7.07
NERV,2023-09-29,7.0,7.2,6.51,6.9
NERV,2023-10-02,6.97,6.97,6.602,6.69
NERV,2023-10-03,6.52,6.8337,6.52,6.7
NERV,2023-10-04,6.71,6.71,6.08,6.41
NERV,2023-10-05,6.41,6.6,6.2001,6.22
