ticker,date,open,high,low,close
TARA,2014-10-22,452.0,480.0,400.0,401.2
TARA,2014-10-23,400.0,414.4,400.0,400.0
TARA,2014-10-24,400.0,404.0,400.0,400.0
TARA,2014-10-27,400.0,403.6,400.0,400.0
TARA,2014-10-28,400.8,403.2,400.0,400.0
TARA,2014-10-29,400.0,403.6,400.0,400.4
TARA,2014-10-30,402.8,404.44,400.0,400.0
TARA,2014-10-31,404.0,417.6,400.0,400.0
TARA,2014-11-03,402.0,415.6,400.8,408.0
TARA,2014-11-04,416.0,416.0,404.0,410.0
TARA,2014-11-05,420.0,424.8,406.0,409.6
TARA,2014-11-06,417.6,418.8,406.0,409.6
TARA,2014-11-07,404.0,416.4,400.0,406.0
TARA,2014-11-10,400.0,407.6,400.0,403.6
TARA,2014-11-11,400.0,410.0,400.0,404.0
TARA,2014-11-12,401.6,404.0,400.0,401.6
TARA,2014-11-13,400.8,404.0,400.0,400.0
TARA,2014-11-14,400.84,409.64,400.4,403.92
TARA,2014-11-17,418.0,418.0,400.4,414.4
TARA,2014-11-18,423.2,425.6,402.4,412.4
TARA,2014-11-19,414.8,414.8,408.0,411.2
TARA,2014-11-20,408.0,410.0,406.0,408.8
TARA,2014-11-21,406.0,413.6,402.4,413.6
TARA,2014-11-24,410.4,419.6,402.0,418.0
TARA,2014-11-25,412.4,426.0,402.8,416.4
TARA,2014-11-26,422.8,426.0,408.8,425.6
TARA,2014-11-28,426.4,426.4,414.84,421.68
TARA,2014-12-01,420.8,424.0,408.8,416.4
TARA,2014-12-02,410.8,413.6,402.0,402.0
TARA,2014-12-03,402.44,403.44,344.8,360.4
TARA,2014-12-04,360.0,390.8,350.4,362.0
TARA,2014-12-05,370.4,370.4,344.8,350.8
TARA,2014-12-08,350.0,377.2,342.8,358.0
TARA,2014-12-09,363.6,414.0,363.6,410.4
TARA,2014-12-10,414.0,423.6,400.4,410.8
TARA,2014-12-11,384.12,425.6,384.12,394.4
TARA,2014-12-12,391.2,409.6,360.0,391.6
TARA,2014-12-15,380.4,413.6,352.0,403.6
TARA,2014-12-16,372.8,412.4,372.8,411.2
TARA,2014-12-17,413.6,414.0,396.8,402.8
TARA,2014-12-18,400.8,408.4,390.8,407.6
TARA,2014-12-19,390.0,408.8,390.0,407.6
TARA,2014-12-22,402.8,422.8,402.4,420.0
TARA,2014-12-23,419.6,419.6,396.0,409.2
TARA,2014-12-24,416.8,416.8,416.0,416.0
TARA,2014-12-26,398.0,415.6,392.8,392.8
TARA,2014-12-29,398.4,411.6,393.2,402.8
TARA,2014-12-30,406.0,414.4,398.0,411.6
TARA,2014-12-31,402.24,416.0,402.24,416.0
TARA,2015-01-02,422.8,424.0,395.2,424.0
TARA,2015-01-05,403.2,425.2,402.0,425.2
TARA,2015-01-06,426.0,426.0,416.4,426.0
TARA,2015-01-07,424.4,426.0,420.0,424.4
TARA,2015-01-08,424.0,426.0,414.4,424.8
TARA,2015-01-09,432.4,506.0,432.0,469.6
TARA,2015-01-12,484.4,487.6,470.0,480.0
TARA,2015-01-13,478.8,494.0,456.4,494.0
TARA,2015-01-14,490.0,490.0,458.0,474.4
TARA,2015-01-15,455.12,478.36,455.12,459.6
TARA,2015-01-16,441.6,487.08,441.6,453.6
TARA,2015-01-20,439.72,468.52,439.72,458.8
TARA,2015-01-21,448.0,448.0,424.4,434.4
TARA,2015-01-22,433.2,479.6,403.6,461.6
TARA,2015-01-23,437.6,437.6,434.0,434.0
TARA,2015-01-26,455.6,455.6,416.0,429.2
TARA,2015-01-27,432.0,432.0,431.6,431.6
TARA,2015-01-28,416.8,442.4,416.8,426.4
TARA,2015-01-29,439.2,439.4,420.4,420.4
TARA,2015-01-30,430.0,431.6,420.0,420.0
TARA,2015-02-02,432.0,442.0,416.4,416.4
TARA,2015-02-03,448.4,448.4,416.0,418.4
TARA,2015-02-04,418.0,466.4,412.4,444.4
TARA,2015-02-05,448.4,468.0,440.4,441.2
TARA,2015-02-06,446.8,458.92,434.0,442.0
TARA,2015-02-09,438.0,463.12,420.0,420.0
TARA,2015-02-10,440.0,444.0,422.0,422.4
TARA,2015-02-11,436.8,436.8,420.0,420.0
TARA,2015-02-12,418.0,426.0,418.0,418.0
TARA,2015-02-13,418.8,421.6,418.0,418.0
TARA,2015-02-17,418.8,428.8,416.4,420.0
TARA,2015-02-18,432.8,432.8,416.4,421.2
TARA,2015-02-19,426.4,451.2,424.4,432.0
TARA,2015-02-20,430.0,447.2,422.4,422.4
TARA,2015-02-23,421.2,441.6,420.8,422.0
TARA,2015-02-24,424.4,432.8,424.0,432.0
TARA,2015-02-25,431.6,432.64,424.8,425.2
TARA,2015-02-26,428.8,432.0,426.0,426.0
TARA,2015-02-27,430.36,432.4,427.2,432.4
TARA,2015-03-02,432.8,447.2,426.0,427.8
TARA,2015-03-03,426.4,426.4,414.4,415.2
TARA,2015-03-04,416.92,424.0,412.0,423.6
TARA,2015-03-05,423.2,424.0,415.2,415.6
TARA,2015-03-06,418.4,420.0,415.56,419.6
TARA,2015-03-09,424.0,424.0,416.8,416.8
TARA,2015-03-10,415.6,426.0,410.0,420.8
TARA,2015-03-11,422.4,444.4,422.4,436.8
TARA,2015-03-12,445.2,464.0,437.2,450.4
TARA,2015-03-13,442.8,453.6,435.6,450.0
TARA,2015-03-16,447.2,463.2,440.8,452.8
TARA,2015-03-17,461.0,466.0,452.76,462.0
TARA,2015-03-18,455.2,466.0,455.2,465.6
TARA,2015-03-19,465.6,480.0,462.04,464.8
TARA,2015-03-20,466.8,480.0,462.8,466.4
TARA,2015-03-23,473.2,480.0,440.0,465.6
TARA,2015-03-24,453.96,464.8,447.6,463.6
TARA,2015-03-25,450.4,464.8,409.2,460.0
TARA,2015-03-26,422.8,436.0,416.8,436.0
TARA,2015-03-27,474.4,476.4,451.92,470.0
TARA,2015-03-30,464.0,475.6,453.6,458.4
TARA,2015-03-31,476.4,476.4,458.8,465.2
TARA,2015-04-01,464.0,472.0,440.0,455.2
TARA,2015-04-02,459.2,479.6,446.0,471.2
TARA,2015-04-06,476.2,508.8,474.4,498.0
TARA,2015-04-07,500.0,500.0,462.8,464.8
TARA,2015-04-08,494.0,539.6,483.6,533.6
TARA,2015-04-09,530.0,579.6,520.0,570.4
TARA,2015-04-10,566.8,638.4,545.2,618.8
TARA,2015-04-13,642.0,659.6,630.0,653.6
TARA,2015-04-14,657.2,690.4,634.32,674.0
TARA,2015-04-15,672.8,681.68,623.2,631.6
TARA,2015-04-16,625.2,652.8,625.2,646.8
TARA,2015-04-17,627.4,630.0,590.0,625.2
TARA,2015-04-20,631.6,631.6,541.2,551.2
TARA,2015-04-21,544.0,544.0,480.4,489.2
TARA,2015-04-22,480.8,507.32,480.8,486.0
TARA,2015-04-23,484.4,509.2,480.8,491.6
TARA,2015-04-24,492.8,504.0,482.8,492.0
TARA,2015-04-27,488.8,491.2,475.2,480.0
TARA,2015-04-28,478.8,492.8,478.0,485.6
TARA,2015-04-29,485.2,485.2,472.0,484.0
TARA,2015-04-30,481.6,490.8,474.4,482.4
TARA,2015-05-01,482.4,515.6,480.0,512.0
TARA,2015-05-04,506.8,555.6,506.8,555.2
TARA,2015-05-05,548.4,594.8,548.4,590.0
TARA,2015-05-06,595.6,600.0,563.6,598.8
TARA,2015-05-07,588.4,658.0,586.0,654.8
TARA,2015-05-08,650.0,680.0,646.4,679.6
TARA,2015-05-11,672.8,672.8,625.08,645.2
TARA,2015-05-12,613.8,671.6,594.8,664.8
TARA,2015-05-13,660.4,662.0,613.6,640.0
TARA,2015-05-14,639.2,639.2,560.4,561.6
TARA,2015-05-15,567.2,672.4,567.2,659.6
TARA,2015-05-18,654.4,680.0,636.0,677.2
TARA,2015-05-19,679.2,716.0,660.8,672.0
TARA,2015-05-20,681.6,699.2,654.56,691.2
TARA,2015-05-21,686.4,697.6,672.0,686.0
TARA,2015-05-22,686.4,702.0,647.2,674.8
TARA,2015-05-26,700.0,700.0,609.32,620.4
TARA,2015-05-27,617.2,673.6,617.2,651.6
TARA,2015-05-28,616.0,684.0,616.0,656.0
TARA,2015-05-29,660.0,697.4,636.4,676.0
TARA,2015-06-01,676.4,679.2,623.6,669.6
TARA,2015-06-02,668.0,715.6,659.2,703.6
TARA,2015-06-03,708.4,738.0,671.6,705.2
TARA,2015-06-04,712.0,715.0,657.2,674.4
TARA,2015-06-05,644.8,684.0,640.0,654.0
TARA,2015-06-08,639.6,687.6,639.6,671.2
TARA,2015-06-09,655.2,699.6,655.2,680.0
TARA,2015-06-10,689.6,730.0,675.2,692.4
TARA,2015-06-11,696.4,715.2,664.4,677.6
TARA,2015-06-12,681.6,689.6,661.2,675.6
TARA,2015-06-15,674.8,680.0,636.0,672.8
TARA,2015-06-16,680.0,726.8,648.8,701.6
TARA,2015-06-17,694.8,729.2,656.4,693.6
TARA,2015-06-18,698.4,722.4,659.6,678.4
TARA,2015-06-19,681.6,728.0,653.2,674.4
TARA,2015-06-22,684.8,724.6,632.72,653.2
TARA,2015-06-23,656.8,670.0,639.6,646.0
TARA,2015-06-24,643.2,670.0,639.2,647.2
TARA,2015-06-25,657.6,682.8,642.0,670.4
TARA,2015-06-26,670.4,694.0,633.2,670.4
TARA,2015-06-29,660.8,693.6,639.2,693.6
TARA,2015-06-30,695.6,732.0,666.0,714.4
TARA,2015-07-01,724.0,757.2,700.8,747.2
TARA,2015-07-02,746.4,770.0,662.4,670.8
TARA,2015-07-06,668.0,712.0,646.0,694.0
TARA,2015-07-07,674.4,716.8,643.2,680.4
TARA,2015-07-08,678.4,680.0,648.8,662.0
TARA,2015-07-09,662.0,704.4,643.6,644.0
TARA,2015-07-10,648.0,704.0,640.8,693.2
TARA,2015-07-13,693.2,710.8,681.2,689.6
TARA,2015-07-14,692.0,720.8,685.6,718.8
TARA,2015-07-15,726.4,747.6,719.6,740.0
TARA,2015-07-16,748.0,768.0,721.2,758.4
TARA,2015-07-17,756.0,800.0,748.8,800.0
TARA,2015-07-20,796.4,796.4,723.2,724.0
TARA,2015-07-21,724.0,734.8,700.4,730.0
TARA,2015-07-22,738.8,755.6,712.4,755.6
TARA,2015-07-23,754.4,754.4,717.52,717.6
TARA,2015-07-24,715.6,721.6,696.4,714.0
TARA,2015-07-27,694.8,732.4,640.0,704.4
TARA,2015-07-28,678.4,704.4,675.6,694.4
TARA,2015-07-29,680.8,680.8,648.4,666.8
TARA,2015-07-30,672.8,684.0,656.8,680.8
TARA,2015-07-31,669.2,696.4,669.2,691.2
TARA,2015-08-03,679.0,691.2,647.2,651.6
TARA,2015-08-04,652.8,674.4,645.2,671.6
TARA,2015-08-05,673.6,700.0,664.0,672.0
TARA,2015-08-06,681.6,717.6,659.2,659.6
TARA,2015-08-07,658.8,688.0,520.4,574.8
TARA,2015-08-10,576.0,593.6,549.6,571.2
TARA,2015-08-11,568.8,578.0,555.6,573.2
TARA,2015-08-12,573.2,596.8,561.2,579.6
TARA,2015-08-13,581.2,590.8,527.2,539.2
TARA,2015-08-14,527.2,552.0,520.4,529.2
TARA,2015-08-17,534.0,568.0,506.4,562.0
TARA,2015-08-18,565.2,579.2,535.6,541.2
TARA,2015-08-19,563.2,593.6,535.2,541.2
TARA,2015-08-20,536.8,563.6,527.2,535.2
TARA,2015-08-21,518.4,593.2,518.4,552.8
TARA,2015-08-24,466.0,539.6,466.0,529.6
TARA,2015-08-25,545.2,545.2,491.2,518.4
TARA,2015-08-26,528.4,554.0,490.4,552.8
TARA,2015-08-27,556.4,558.4,528.0,544.4
TARA,2015-08-28,544.0,577.2,527.28,571.2
TARA,2015-08-31,562.4,570.0,556.8,566.8
TARA,2015-09-01,559.2,571.6,546.4,562.8
TARA,2015-09-02,530.4,599.2,530.4,589.2
TARA,2015-09-03,588.4,590.8,556.4,556.8
TARA,2015-09-04,548.4,565.2,548.4,554.4
TARA,2015-09-08,542.0,560.0,541.2,554.0
TARA,2015-09-09,550.4,562.8,544.4,553.6
TARA,2015-09-10,557.6,595.2,553.0,588.8
TARA,2015-09-11,584.8,597.6,560.6,596.4
TARA,2015-09-14,594.8,600.0,582.2,599.6
TARA,2015-09-15,598.8,613.6,598.8,611.2
TARA,2015-09-16,614.0,614.0,569.6,600.8
TARA,2015-09-17,584.0,620.0,584.0,604.0
TARA,2015-09-18,593.2,606.0,586.0,598.0
TARA,2015-09-21,602.8,615.2,574.8,580.8
TARA,2015-09-22,582.4,587.2,578.4,579.6
TARA,2015-09-23,587.2,587.2,574.8,575.2
TARA,2015-09-24,582.4,587.2,556.8,584.0
TARA,2015-09-25,592.4,592.4,544.8,545.2
TARA,2015-09-28,542.4,554.0,495.4,503.6
TARA,2015-09-29,513.2,536.8,505.0,522.4
TARA,2015-09-30,526.8,559.2,516.0,556.4
TARA,2015-10-01,533.2,535.2,515.6,528.4
TARA,2015-10-02,526.8,564.4,511.6,564.0
TARA,2015-10-05,571.2,610.8,571.2,588.8
TARA,2015-10-06,590.0,590.0,557.2,564.8
TARA,2015-10-07,571.6,590.0,559.92,584.4
TARA,2015-10-08,582.8,595.6,568.8,568.8
TARA,2015-10-09,582.0,582.0,553.6,580.8
TARA,2015-10-12,580.4,595.6,570.0,582.0
TARA,2015-10-13,579.6,595.0,560.0,588.4
TARA,2015-10-14,594.4,595.6,575.6,575.6
TARA,2015-10-15,577.2,595.6,550.8,595.6
TARA,2015-10-16,597.2,625.2,580.0,608.4
TARA,2015-10-19,609.2,634.4,560.4,627.6
TARA,2015-10-20,631.2,661.6,623.6,661.2
TARA,2015-10-21,662.4,696.72,659.6,664.4
TARA,2015-10-22,666.4,667.2,625.6,663.2
TARA,2015-10-23,670.8,710.4,581.2,596.4
TARA,2015-10-26,596.4,617.6,560.0,574.8
TARA,2015-10-27,601.2,611.6,552.8,553.2
TARA,2015-10-28,556.4,583.6,539.6,552.4
TARA,2015-10-29,557.2,558.8,541.52,549.6
TARA,2015-10-30,552.0,556.0,541.6,548.0
TARA,2015-11-02,540.0,579.2,528.0,578.4
TARA,2015-11-03,573.2,583.6,549.2,576.8
TARA,2015-11-04,559.6,590.0,555.6,590.0
TARA,2015-11-05,589.6,590.0,566.2,589.6
TARA,2015-11-06,582.0,599.2,567.0,591.6
TARA,2015-11-09,592.8,600.4,572.0,593.6
TARA,2015-11-10,575.6,600.0,575.6,600.0
TARA,2015-11-11,600.0,600.0,581.2,589.6
TARA,2015-11-12,585.6,594.8,568.4,582.0
TARA,2015-11-13,575.6,582.8,547.2,560.4
TARA,2015-11-16,561.2,616.0,550.6,598.4
TARA,2015-11-17,598.8,598.8,556.4,580.4
TARA,2015-11-18,575.6,618.4,557.56,576.0
TARA,2015-11-19,571.6,578.76,559.6,566.8
TARA,2015-11-20,574.0,594.0,535.6,590.8
TARA,2015-11-23,590.4,620.0,576.4,607.2
TARA,2015-11-24,603.2,611.6,572.4,589.6
TARA,2015-11-25,585.6,613.6,568.4,579.6
TARA,2015-11-27,582.0,612.4,579.2,612.0
TARA,2015-11-30,612.4,640.0,612.4,637.6
TARA,2015-12-01,598.8,639.6,598.8,610.0
TARA,2015-12-02,607.4,640.0,598.0,614.0
TARA,2015-12-03,620.8,620.8,584.8,584.8
TARA,2015-12-04,591.2,620.0,583.2,588.4
TARA,2015-12-07,597.6,630.4,586.8,610.8
TARA,2015-12-08,598.2,636.8,569.6,588.0
TARA,2015-12-09,580.4,610.8,580.0,585.6
TARA,2015-12-10,587.6,602.6,568.0,573.6
TARA,2015-12-11,558.4,573.6,502.8,518.0
TARA,2015-12-14,526.0,567.6,515.6,545.6
TARA,2015-12-15,587.2,587.2,541.4,559.2
TARA,2015-12-16,568.0,571.6,514.4,551.6
TARA,2015-12-17,566.0,575.2,530.8,560.4
TARA,2015-12-18,558.8,580.4,553.2,562.8
TARA,2015-12-21,572.4,593.6,545.0,576.4
TARA,2015-12-22,578.0,599.6,574.8,580.0
TARA,2015-12-23,586.0,590.8,572.4,590.4
TARA,2015-12-24,590.4,596.0,590.4,596.0
TARA,2015-12-28,588.4,599.2,539.8,584.8
TARA,2015-12-29,596.0,633.6,571.2,614.4
TARA,2015-12-30,611.2,659.2,609.6,620.8
TARA,2015-12-31,621.6,645.2,618.4,620.4
TARA,2016-01-04,600.0,600.0,535.2,561.6
TARA,2016-01-05,561.6,578.4,542.4,544.0
TARA,2016-01-06,540.0,572.4,512.0,520.4
TARA,2016-01-07,555.2,555.2,482.8,491.2
TARA,2016-01-08,489.6,549.6,465.6,470.8
TARA,2016-01-11,476.4,496.8,464.8,470.4
TARA,2016-01-12,524.6,524.6,430.0,448.8
TARA,2016-01-13,447.6,496.6,412.0,423.6
TARA,2016-01-14,464.2,464.2,374.0,415.2
TARA,2016-01-15,402.8,434.8,376.4,388.4
TARA,2016-01-19,400.4,433.2,371.2,384.0
TARA,2016-01-20,396.0,396.0,341.6,371.6
TARA,2016-01-21,375.6,400.2,364.8,376.0
TARA,2016-01-22,380.8,380.8,369.6,378.0
TARA,2016-01-25,392.8,409.6,367.2,378.8
TARA,2016-01-26,386.8,433.92,364.0,390.8
TARA,2016-01-27,399.2,423.6,380.4,384.8
TARA,2016-01-28,384.0,410.0,348.4,355.2
TARA,2016-01-29,358.8,381.36,358.8,373.2
TARA,2016-02-01,372.4,393.2,365.6,365.6
TARA,2016-02-02,360.8,379.16,352.4,362.8
TARA,2016-02-03,365.6,385.2,342.8,342.8
TARA,2016-02-04,342.8,361.6,342.8,344.4
TARA,2016-02-05,354.8,356.0,308.4,312.4
TARA,2016-02-08,311.2,316.0,286.8,289.2
TARA,2016-02-09,298.0,300.0,284.84,292.0
TARA,2016-02-10,299.2,309.08,292.0,292.4
TARA,2016-02-11,288.4,312.4,288.4,290.4
TARA,2016-02-12,298.4,301.08,290.4,300.0
TARA,2016-02-16,300.8,315.4,282.4,282.4
TARA,2016-02-17,285.6,294.8,282.4,289.2
TARA,2016-02-18,286.88,288.84,285.6,285.6
TARA,2016-02-19,285.6,287.2,274.0,279.2
TARA,2016-02-22,281.6,281.6,237.6,240.4
TARA,2016-02-23,243.6,267.28,228.8,228.8
TARA,2016-02-24,228.8,237.96,228.8,235.2
TARA,2016-02-25,238.4,238.4,210.8,222.4
TARA,2016-02-26,239.6,247.6,229.2,231.2
TARA,2016-02-29,246.72,246.72,204.2,215.2
TARA,2016-03-01,218.0,242.4,206.4,218.4
TARA,2016-03-02,220.0,222.4,214.0,218.4
TARA,2016-03-03,222.4,242.4,222.4,226.4
TARA,2016-03-04,230.6,248.0,227.6,237.6
TARA,2016-03-07,241.6,255.2,239.2,254.8
TARA,2016-03-08,260.0,260.0,241.2,241.2
TARA,2016-03-09,245.6,257.2,216.48,250.4
TARA,2016-03-10,254.4,254.4,241.2,249.6
TARA,2016-03-11,264.8,270.0,249.2,270.0
TARA,2016-03-14,270.0,277.2,260.4,267.2
TARA,2016-03-15,270.0,277.6,268.8,272.0
TARA,2016-03-16,272.0,286.0,264.8,270.8
TARA,2016-03-17,270.4,281.6,270.4,274.8
TARA,2016-03-18,278.8,283.6,272.0,276.8
TARA,2016-03-21,281.6,288.0,268.8,274.4
TARA,2016-03-22,274.4,290.8,274.4,278.8
TARA,2016-03-23,280.8,287.2,265.2,269.6
TARA,2016-03-24,270.0,289.6,265.2,276.8
TARA,2016-03-28,282.0,290.0,282.0,283.6
TARA,2016-03-29,279.6,294.8,266.8,293.2
TARA,2016-03-30,294.4,318.8,294.4,317.6
TARA,2016-03-31,318.0,339.6,298.4,309.6
TARA,2016-04-01,307.2,334.24,307.2,325.6
TARA,2016-04-04,326.4,360.4,326.4,345.2
TARA,2016-04-05,343.2,354.8,315.8,335.2
TARA,2016-04-06,325.4,348.4,318.0,333.6
TARA,2016-04-07,328.0,337.6,320.8,332.8
TARA,2016-04-08,322.6,339.6,322.6,334.4
TARA,2016-04-11,338.4,370.0,322.4,325.6
TARA,2016-04-12,324.8,328.4,320.0,327.6
TARA,2016-04-13,328.4,332.4,318.0,325.2
TARA,2016-04-14,326.0,395.2,326.0,342.8
TARA,2016-04-15,340.8,380.8,340.8,356.0
TARA,2016-04-18,372.0,384.4,356.4,371.2
TARA,2016-04-19,368.4,397.2,360.0,390.0
TARA,2016-04-20,380.8,392.0,380.4,387.6
TARA,2016-04-21,389.6,403.4,380.0,394.0
TARA,2016-04-22,403.2,422.8,370.0,396.4
TARA,2016-04-25,393.6,400.0,384.4,388.4
TARA,2016-04-26,400.6,424.4,386.4,423.6
TARA,2016-04-27,402.0,427.08,386.8,396.0
TARA,2016-04-28,393.6,457.2,384.0,388.8
TARA,2016-04-29,387.6,465.2,387.6,390.4
TARA,2016-05-02,403.2,403.2,371.6,388.0
TARA,2016-05-03,378.4,378.4,362.0,363.6
TARA,2016-05-04,357.2,363.6,345.2,348.8
TARA,2016-05-05,356.0,362.8,338.8,358.8
TARA,2016-05-06,344.0,344.0,312.4,316.0
TARA,2016-05-09,312.0,319.2,298.0,311.6
TARA,2016-05-10,314.4,316.0,298.6,309.6
TARA,2016-05-11,279.2,308.0,279.2,294.0
TARA,2016-05-12,298.8,300.6,287.6,288.0
TARA,2016-05-13,287.6,292.8,280.0,288.8
TARA,2016-05-16,303.6,308.4,289.2,305.2
TARA,2016-05-17,324.8,336.0,288.4,290.8
TARA,2016-05-18,304.8,314.8,289.6,296.0
TARA,2016-05-19,290.4,312.0,274.8,278.8
TARA,2016-05-20,280.4,308.0,278.8,286.4
TARA,2016-05-23,297.6,297.6,284.4,286.4
TARA,2016-05-24,311.2,311.2,260.0,278.8
TARA,2016-05-25,306.0,324.0,270.8,271.6
TARA,2016-05-26,271.6,276.0,264.8,266.4
TARA,2016-05-27,266.0,267.28,258.4,260.8
TARA,2016-05-31,261.6,266.0,250.4,255.2
TARA,2016-06-01,250.4,260.0,241.2,248.0
TARA,2016-06-02,252.0,279.6,237.4,244.4
TARA,2016-06-03,243.6,244.0,230.8,235.2
TARA,2016-06-06,230.8,233.6,221.6,226.4
TARA,2016-06-07,227.2,232.0,220.4,220.8
TARA,2016-06-08,220.8,236.4,220.0,230.0
TARA,2016-06-09,232.0,248.0,232.0,236.0
TARA,2016-06-10,236.8,244.0,215.6,230.4
TARA,2016-06-13,225.2,228.8,215.2,216.4
TARA,2016-06-14,216.4,219.6,204.0,209.6
TARA,2016-06-15,208.4,236.8,201.6,212.4
TARA,2016-06-16,214.8,218.4,202.8,213.6
TARA,2016-06-17,215.2,226.8,215.2,216.0
TARA,2016-06-20,220.0,240.0,205.2,206.8
TARA,2016-06-21,210.0,210.0,198.0,202.0
TARA,2016-06-22,239.6,239.6,200.8,201.2
TARA,2016-06-23,204.4,222.8,196.0,214.0
TARA,2016-06-24,210.0,245.2,210.0,240.0
TARA,2016-06-27,232.8,277.2,232.8,268.0
TARA,2016-06-28,264.4,287.6,260.8,285.6
TARA,2016-06-29,288.8,327.6,270.48,310.8
TARA,2016-06-30,313.2,330.0,282.0,321.2
TARA,2016-07-01,321.6,334.4,314.0,322.8
TARA,2016-07-05,330.0,337.24,318.0,334.4
TARA,2016-07-06,331.6,353.2,321.6,344.0
TARA,2016-07-07,342.8,342.8,318.0,322.8
TARA,2016-07-08,324.4,348.0,320.0,325.6
TARA,2016-07-11,328.4,328.4,320.4,324.4
TARA,2016-07-12,341.8,341.8,323.6,323.6
TARA,2016-07-13,326.8,335.6,280.0,324.0
TARA,2016-07-14,324.8,335.6,312.8,330.0
TARA,2016-07-15,330.0,342.4,328.0,339.6
TARA,2016-07-18,335.2,359.2,335.2,344.0
TARA,2016-07-19,346.4,346.4,321.2,330.0
TARA,2016-07-20,345.2,345.2,321.6,322.4
TARA,2016-07-21,336.8,336.8,320.0,320.4
TARA,2016-07-22,323.2,334.4,320.0,320.0
TARA,2016-07-25,327.6,330.0,319.2,321.6
TARA,2016-07-26,329.2,340.92,320.0,322.4
TARA,2016-07-27,328.0,328.0,322.0,324.4
TARA,2016-07-28,324.84,325.64,322.4,323.6
TARA,2016-07-29,321.6,325.6,320.0,320.0
TARA,2016-08-01,320.0,325.04,320.0,322.0
TARA,2016-08-02,323.6,324.8,322.4,322.4
TARA,2016-08-03,330.4,347.6,328.12,337.2
TARA,2016-08-04,357.2,357.2,334.8,334.8
TARA,2016-08-05,344.0,344.0,320.4,320.8
TARA,2016-08-08,320.0,347.92,320.0,330.0
TARA,2016-08-09,334.0,338.8,334.0,334.0
TARA,2016-08-10,336.72,337.12,331.04,332.0
TARA,2016-08-11,354.4,369.2,346.0,359.2
TARA,2016-08-12,360.0,399.8,360.0,377.6
TARA,2016-08-15,403.76,406.8,380.0,380.4
TARA,2016-08-16,380.0,399.2,380.0,388.0
TARA,2016-08-17,392.4,422.4,392.0,416.4
TARA,2016-08-18,419.6,428.0,416.4,420.4
TARA,2016-08-19,419.2,419.2,400.4,401.2
TARA,2016-08-22,398.4,398.4,380.4,385.6
TARA,2016-08-23,387.2,393.6,386.4,386.4
TARA,2016-08-24,393.6,401.8,388.0,398.0
TARA,2016-08-25,390.0,390.0,380.0,380.4
TARA,2016-08-26,396.0,396.0,383.6,384.0
TARA,2016-08-29,384.8,395.6,384.8,395.2
TARA,2016-08-30,392.4,410.0,383.2,388.8
TARA,2016-08-31,386.8,388.8,352.8,352.8
TARA,2016-09-01,355.6,363.6,348.0,350.4
TARA,2016-09-02,347.6,369.2,347.6,367.2
TARA,2016-09-06,366.0,380.4,364.16,365.6
TARA,2016-09-07,362.0,406.8,362.0,370.0
TARA,2016-09-08,386.0,386.0,376.8,376.8
TARA,2016-09-09,363.2,363.2,363.2,363.2
TARA,2016-09-12,359.2,362.4,280.4,360.0
TARA,2016-09-13,340.2,363.2,333.6,350.8
TARA,2016-09-14,352.0,364.28,332.0,332.0
TARA,2016-09-15,357.6,379.6,336.0,337.6
TARA,2016-09-16,336.0,348.48,330.0,332.0
TARA,2016-09-19,332.2,373.2,328.4,350.4
TARA,2016-09-20,352.0,355.56,334.8,337.2
TARA,2016-09-21,359.0,372.4,340.4,350.0
TARA,2016-09-22,362.4,407.8,362.4,378.0
TARA,2016-09-23,388.0,393.56,380.4,386.4
TARA,2016-09-26,388.0,388.0,353.6,362.8
TARA,2016-09-27,358.0,365.6,358.0,361.2
TARA,2016-09-28,349.2,373.2,346.4,358.0
TARA,2016-09-29,360.8,369.16,355.6,365.6
TARA,2016-09-30,369.0,374.0,364.44,373.2
TARA,2016-10-03,373.2,373.2,340.8,344.4
TARA,2016-10-04,346.0,358.0,343.6,344.0
TARA,2016-10-05,350.4,360.0,350.0,358.0
TARA,2016-10-06,358.0,358.0,350.4,352.0
TARA,2016-10-07,348.4,357.2,340.8,346.0
TARA,2016-10-10,344.4,359.6,344.4,357.2
TARA,2016-10-11,346.0,362.8,340.0,357.2
TARA,2016-10-12,363.6,370.8,359.6,359.6
TARA,2016-10-13,377.32,384.0,345.0,363.6
TARA,2016-10-14,368.0,385.28,346.8,354.0
TARA,2016-10-17,356.4,364.52,354.8,356.0
TARA,2016-10-18,361.6,361.6,356.04,360.0
TARA,2016-10-19,363.6,379.44,359.2,364.0
TARA,2016-10-20,365.2,376.8,359.76,374.8
TARA,2016-10-21,359.6,389.04,356.0,375.0
TARA,2016-10-24,367.4,396.4,367.4,374.4
TARA,2016-10-25,371.6,386.8,370.8,380.0
TARA,2016-10-26,384.8,434.8,384.0,398.0
TARA,2016-10-27,400.0,417.2,391.2,407.2
TARA,2016-10-28,410.0,416.0,394.4,394.8
TARA,2016-10-31,404.0,410.0,390.2,396.0
TARA,2016-11-01,394.0,394.0,374.0,374.0
TARA,2016-11-02,380.0,392.0,340.0,342.0
TARA,2016-11-03,342.0,342.0,302.0,302.0
TARA,2016-11-04,304.0,332.0,304.0,318.0
TARA,2016-11-07,329.48,367.6,324.0,338.0
TARA,2016-11-08,343.0,352.0,321.56,332.0
TARA,2016-11-09,342.0,378.0,338.0,370.0
TARA,2016-11-10,370.0,408.0,350.0,352.0
TARA,2016-11-11,356.0,368.0,346.0,356.0
TARA,2016-11-14,356.0,378.0,354.0,370.0
TARA,2016-11-15,366.0,384.0,356.0,372.0
TARA,2016-11-16,372.0,384.0,364.92,376.0
TARA,2016-11-17,384.0,408.0,372.0,404.0
TARA,2016-11-18,404.0,408.0,390.0,406.0
TARA,2016-11-21,418.0,442.0,397.04,430.0
TARA,2016-11-22,424.0,446.0,418.0,438.0
TARA,2016-11-23,426.0,436.0,402.0,422.0
TARA,2016-11-25,426.0,434.0,422.0,432.0
TARA,2016-11-28,438.0,456.0,420.0,450.0
TARA,2016-11-29,452.0,458.0,412.0,422.0
TARA,2016-11-30,426.0,426.0,402.0,408.0
TARA,2016-12-01,400.0,400.0,366.0,380.0
TARA,2016-12-02,380.0,388.0,379.0,385.8
TARA,2016-12-05,380.0,393.0,368.0,380.0
TARA,2016-12-06,394.0,402.0,380.0,398.0
TARA,2016-12-07,386.0,400.0,374.0,396.0
TARA,2016-12-08,386.0,423.0,386.0,396.0
TARA,2016-12-09,392.0,409.72,380.0,400.0
TARA,2016-12-12,392.0,396.0,384.0,396.0
TARA,2016-12-13,116.0,124.0,98.0,100.0
TARA,2016-12-14,104.0,104.0,82.0,86.0
TARA,2016-12-15,86.0,86.0,76.0,82.0
TARA,2016-12-16,84.0,84.0,78.0,84.0
TARA,2016-12-19,84.0,86.0,76.0,78.0
TARA,2016-12-20,78.0,90.0,76.0,84.0
TARA,2016-12-21,86.0,86.0,80.0,82.0
TARA,2016-12-22,82.0,83.0,80.0,82.0
TARA,2016-12-23,80.0,82.0,76.0,78.0
TARA,2016-12-27,78.0,80.0,76.0,78.0
TARA,2016-12-28,80.0,80.0,76.0,78.0
TARA,2016-12-29,76.0,78.0,71.0,74.0
TARA,2016-12-30,76.0,76.0,70.0,76.0
TARA,2017-01-03,78.0,78.0,72.0,78.0
TARA,2017-01-04,78.0,85.8,77.68,82.0
TARA,2017-01-05,84.0,84.0,80.0,84.0
TARA,2017-01-06,84.0,84.0,80.0,82.0
TARA,2017-01-09,84.0,84.0,76.2,80.0
TARA,2017-01-10,80.0,80.0,76.0,78.0
TARA,2017-01-11,78.0,82.0,76.0,80.0
TARA,2017-01-12,80.0,80.0,76.0,78.0
TARA,2017-01-13,78.0,80.0,76.2,80.0
TARA,2017-01-17,80.0,80.0,78.0,78.0
TARA,2017-01-18,80.0,80.0,76.0,76.0
TARA,2017-01-19,76.0,80.0,76.0,78.0
TARA,2017-01-20,78.0,80.0,76.0,80.0
TARA,2017-01-23,80.0,84.0,78.84,82.0
TARA,2017-01-24,82.0,84.0,78.2,82.0
TARA,2017-01-25,83.6,88.0,80.0,84.0
TARA,2017-01-26,84.0,86.0,80.0,82.0
TARA,2017-01-27,80.0,84.0,78.0,80.0
TARA,2017-01-30,80.0,82.0,76.0,76.0
TARA,2017-01-31,78.0,78.0,74.0,78.0
TARA,2017-02-01,76.0,80.0,76.0,80.0
TARA,2017-02-02,78.0,82.0,78.0,80.0
TARA,2017-02-03,80.0,80.0,78.0,78.0
TARA,2017-02-06,78.0,80.0,78.0,78.0
TARA,2017-02-07,80.0,80.0,78.0,78.0
TARA,2017-02-08,78.0,78.8,76.0,77.0
TARA,2017-02-09,78.0,80.0,76.0,78.0
TARA,2017-02-10,78.0,80.0,76.0,78.0
TARA,2017-02-13,80.0,80.0,76.0,76.0
TARA,2017-02-14,78.0,80.0,76.0,78.0
TARA,2017-02-15,78.0,80.0,78.0,80.0
TARA,2017-02-16,80.0,80.0,78.0,78.0
TARA,2017-02-17,78.0,80.0,78.0,78.0
TARA,2017-02-21,80.0,80.0,76.0,76.0
TARA,2017-02-22,78.0,78.0,76.0,78.0
TARA,2017-02-23,76.0,77.76,76.0,76.0
TARA,2017-02-24,76.0,77.2,74.0,76.0
TARA,2017-02-27,78.0,78.0,74.0,78.0
TARA,2017-02-28,76.0,78.0,74.0,74.0
TARA,2017-03-01,76.0,76.0,74.0,74.0
TARA,2017-03-02,76.0,76.0,74.0,76.0
TARA,2017-03-03,74.0,76.0,74.0,74.0
TARA,2017-03-06,76.0,76.0,72.0,72.0
TARA,2017-03-07,72.0,72.0,56.0,64.0
TARA,2017-03-08,68.0,70.0,66.0,66.0
TARA,2017-03-09,68.0,68.0,66.0,68.0
TARA,2017-03-10,68.0,70.0,66.0,68.0
TARA,2017-03-13,68.0,72.0,68.0,72.0
TARA,2017-03-14,72.0,72.0,68.0,70.0
TARA,2017-03-15,72.0,72.0,68.0,68.0
TARA,2017-03-16,70.0,86.0,66.0,70.0
TARA,2017-03-17,70.0,70.0,63.0,68.0
TARA,2017-03-20,70.0,70.0,64.0,66.0
TARA,2017-03-21,68.0,68.0,60.4,62.0
TARA,2017-03-22,64.0,64.0,62.0,62.0
TARA,2017-03-23,64.0,64.0,62.0,62.0
TARA,2017-03-24,64.0,64.0,62.0,62.0
TARA,2017-03-27,64.0,64.0,62.0,64.0
TARA,2017-03-28,62.0,66.0,62.0,64.0
TARA,2017-03-29,64.0,68.0,64.0,68.0
TARA,2017-03-30,68.0,70.0,68.0,70.0
TARA,2017-03-31,70.0,70.0,66.0,70.0
TARA,2017-04-03,70.0,72.0,66.0,66.0
TARA,2017-04-04,66.0,68.0,64.0,64.0
TARA,2017-04-05,64.0,64.72,60.0,62.0
TARA,2017-04-06,62.0,64.0,60.0,64.0
TARA,2017-04-07,64.0,66.0,60.0,60.0
TARA,2017-04-10,62.0,64.0,60.0,62.0
TARA,2017-04-11,64.0,64.08,62.0,62.0
TARA,2017-04-12,64.0,64.0,62.0,64.0
TARA,2017-04-13,66.0,66.0,64.0,66.0
TARA,2017-04-17,68.0,68.0,64.0,66.0
TARA,2017-04-18,66.0,68.0,64.0,66.0
TARA,2017-04-19,66.0,68.0,64.0,64.0
TARA,2017-04-20,64.0,66.2,64.0,66.0
TARA,2017-04-21,68.0,68.0,64.0,66.0
TARA,2017-04-24,66.0,68.0,64.0,64.0
TARA,2017-04-25,64.0,64.0,60.0,60.0
TARA,2017-04-26,60.0,62.0,56.0,56.0
TARA,2017-04-27,60.0,60.0,56.0,58.0
TARA,2017-04-28,60.0,60.0,56.0,58.0
TARA,2017-05-01,60.0,60.0,56.0,60.0
TARA,2017-05-02,58.0,60.0,56.0,59.0
TARA,2017-05-03,60.0,60.0,56.0,57.0
TARA,2017-05-04,58.0,58.0,52.0,56.0
TARA,2017-05-05,54.0,56.0,52.0,52.0
TARA,2017-05-08,52.0,54.0,52.0,52.0
TARA,2017-05-09,54.0,54.0,52.0,52.0
TARA,2017-05-10,74.0,78.0,61.8,64.0
TARA,2017-05-11,64.0,66.0,56.0,58.0
TARA,2017-05-12,60.0,62.0,56.0,58.0
TARA,2017-05-15,58.0,60.0,54.0,55.0
TARA,2017-05-16,54.0,58.0,52.0,54.0
TARA,2017-05-17,52.0,56.0,50.0,54.0
TARA,2017-05-18,52.0,56.0,52.0,54.0
TARA,2017-05-19,54.0,56.0,52.0,54.0
TARA,2017-05-22,54.0,56.0,52.0,54.0
TARA,2017-05-23,52.0,53.0,50.0,52.0
TARA,2017-05-24,52.0,52.0,50.0,52.0
TARA,2017-05-25,52.0,52.0,50.0,52.0
TARA,2017-05-26,50.0,52.0,48.0,50.0
TARA,2017-05-30,50.0,50.0,46.0,48.0
TARA,2017-05-31,48.0,48.0,44.4,48.0
TARA,2017-06-01,46.0,48.0,44.0,46.0
TARA,2017-06-02,48.0,52.0,46.2,50.0
TARA,2017-06-05,48.0,52.0,48.0,52.0
TARA,2017-06-06,50.0,52.0,48.0,50.0
TARA,2017-06-07,48.0,52.0,48.0,52.0
TARA,2017-06-08,50.0,52.0,48.0,50.0
TARA,2017-06-09,52.0,52.0,48.0,50.0
TARA,2017-06-12,50.0,50.0,48.0,48.0
TARA,2017-06-13,50.0,52.0,48.0,48.0
TARA,2017-06-14,52.0,52.0,48.0,48.0
TARA,2017-06-15,52.0,52.0,48.0,48.0
TARA,2017-06-16,50.0,50.0,48.0,48.0
TARA,2017-06-19,50.0,50.0,48.0,48.0
TARA,2017-06-20,50.0,52.0,49.0,52.0
TARA,2017-06-21,52.0,52.0,50.0,52.0
TARA,2017-06-22,50.0,60.0,48.0,58.0
TARA,2017-06-23,58.0,58.0,54.0,56.0
TARA,2017-06-26,54.0,56.16,52.0,54.0
TARA,2017-06-27,56.0,56.0,54.0,54.0
TARA,2017-06-28,58.0,58.0,54.0,56.0
TARA,2017-06-29,58.0,62.0,54.0,59.0
TARA,2017-06-30,62.0,62.0,56.0,61.0
TARA,2017-07-03,64.0,64.0,60.0,61.0
TARA,2017-07-05,64.0,64.0,60.0,60.0
TARA,2017-07-06,62.0,62.0,60.0,60.0
TARA,2017-07-07,62.0,62.0,60.0,62.0
TARA,2017-07-10,62.0,62.0,56.0,56.0
TARA,2017-07-11,56.0,58.0,54.0,56.0
TARA,2017-07-12,56.0,58.0,56.0,56.0
TARA,2017-07-13,56.0,58.0,56.0,58.0
TARA,2017-07-14,56.2,58.0,56.0,56.0
TARA,2017-07-17,58.0,58.0,54.0,55.0
TARA,2017-07-18,54.0,56.0,52.0,54.0
TARA,2017-07-19,54.0,56.0,53.8,56.0
TARA,2017-07-20,54.0,56.0,52.0,55.0
TARA,2017-07-21,54.0,56.0,54.0,54.0
TARA,2017-07-24,54.0,56.0,54.0,56.0
TARA,2017-07-25,56.0,56.0,54.0,54.0
TARA,2017-07-26,56.0,56.0,54.0,54.0
TARA,2017-07-27,56.0,56.0,52.0,52.0
TARA,2017-07-28,52.0,54.0,52.0,52.0
TARA,2017-07-31,52.0,55.0,52.0,54.0
TARA,2017-08-01,54.0,56.0,54.0,55.0
TARA,2017-08-02,55.8,56.0,52.0,52.0
TARA,2017-08-03,54.0,56.0,52.0,52.0
TARA,2017-08-04,52.0,54.0,50.0,50.0
TARA,2017-08-07,52.0,54.0,52.0,54.0
TARA,2017-08-08,54.0,54.0,52.0,52.0
TARA,2017-08-09,52.4,54.0,52.0,52.0
TARA,2017-08-10,52.0,56.0,52.0,54.0
TARA,2017-08-11,52.0,56.0,52.0,52.0
TARA,2017-08-14,54.0,54.0,52.0,54.0
TARA,2017-08-15,52.0,54.0,52.0,52.0
TARA,2017-08-16,54.0,54.0,52.0,54.0
TARA,2017-08-17,53.0,54.0,52.0,52.0
TARA,2017-08-18,52.0,54.0,52.0,54.0
TARA,2017-08-21,56.0,56.0,52.0,52.0
TARA,2017-08-22,54.0,56.0,52.2,54.0
TARA,2017-08-23,53.92,56.0,52.0,52.0
TARA,2017-08-24,52.0,56.0,52.0,52.0
TARA,2017-08-25,54.0,54.0,52.0,54.0
TARA,2017-08-28,54.0,55.0,52.0,52.0
TARA,2017-08-29,52.0,54.0,52.0,53.0
TARA,2017-08-30,54.0,56.0,52.0,55.0
TARA,2017-08-31,55.0,56.0,52.0,52.0
TARA,2017-09-01,54.0,56.0,52.0,54.0
TARA,2017-09-05,54.0,55.0,52.0,54.0
TARA,2017-09-06,54.0,56.0,54.0,54.0
TARA,2017-09-07,54.0,56.0,54.0,54.0
TARA,2017-09-08,56.0,56.0,52.0,53.0
TARA,2017-09-11,56.0,56.0,54.0,54.0
TARA,2017-09-12,54.0,56.0,54.0,54.0
TARA,2017-09-13,54.0,58.0,54.0,58.0
TARA,2017-09-14,57.0,60.0,56.2,60.0
TARA,2017-09-15,58.0,68.0,58.0,68.0
TARA,2017-09-18,70.0,70.0,60.0,68.0
TARA,2017-09-19,68.0,68.0,60.0,64.0
TARA,2017-09-20,58.0,62.0,58.0,60.0
TARA,2017-09-21,62.0,66.0,60.4,66.0
TARA,2017-09-22,66.0,70.0,64.4,70.0
TARA,2017-09-25,70.0,70.0,64.0,66.0
TARA,2017-09-26,66.0,72.0,64.2,68.0
TARA,2017-09-27,68.0,80.0,68.0,76.0
TARA,2017-09-28,76.0,88.0,76.0,86.0
TARA,2017-09-29,88.0,88.0,76.0,80.0
TARA,2017-10-02,82.0,88.0,80.0,88.0
TARA,2017-10-03,90.0,100.0,88.0,96.0
TARA,2017-10-04,100.0,110.0,98.0,106.0
TARA,2017-10-05,108.0,108.0,102.0,106.0
TARA,2017-10-06,108.0,108.0,84.0,106.0
TARA,2017-10-09,108.0,108.0,88.0,94.0
TARA,2017-10-10,94.0,98.56,90.0,93.0
TARA,2017-10-11,92.0,92.4,78.0,91.0
TARA,2017-10-12,90.0,95.8,86.0,88.0
TARA,2017-10-13,88.0,92.0,88.0,90.0
TARA,2017-10-16,92.0,96.0,88.0,94.0
TARA,2017-10-17,92.0,96.0,92.0,92.0
TARA,2017-10-18,92.0,92.0,88.0,90.0
TARA,2017-10-19,90.0,92.0,84.0,92.0
TARA,2017-10-20,92.0,92.0,88.2,90.0
TARA,2017-10-23,90.0,92.0,88.0,90.0
TARA,2017-10-24,91.0,92.0,88.0,89.0
TARA,2017-10-25,88.0,88.0,84.0,84.0
TARA,2017-10-26,84.0,88.0,82.0,86.0
TARA,2017-10-27,82.0,84.0,80.0,80.0
TARA,2017-10-30,78.0,80.0,66.0,70.0
TARA,2017-10-31,70.0,74.0,68.2,72.0
TARA,2017-11-01,70.4,76.0,64.0,76.0
TARA,2017-11-02,74.0,76.0,68.0,72.0
TARA,2017-11-03,70.0,80.0,70.0,80.0
TARA,2017-11-06,74.0,84.0,74.0,80.0
TARA,2017-11-07,74.0,84.0,72.0,84.0
TARA,2017-11-08,82.0,82.0,74.0,74.0
TARA,2017-11-09,74.0,76.0,68.0,72.0
TARA,2017-11-10,76.0,78.0,74.0,74.0
TARA,2017-11-13,74.0,78.0,73.0,74.0
TARA,2017-11-14,72.0,74.0,64.0,68.0
TARA,2017-11-15,66.0,70.0,66.0,68.0
TARA,2017-11-16,69.0,74.0,68.0,72.0
TARA,2017-11-17,74.0,76.0,74.0,76.0
TARA,2017-11-20,76.0,76.0,70.0,72.0
TARA,2017-11-21,74.0,74.0,72.0,74.0
TARA,2017-11-22,72.0,74.0,70.0,74.0
TARA,2017-11-24,74.0,78.0,73.6,78.0
TARA,2017-11-27,76.0,78.0,75.0,76.0
TARA,2017-11-28,76.0,78.0,74.2,75.0
TARA,2017-11-29,74.0,78.0,73.44,76.0
TARA,2017-11-30,78.0,78.0,70.0,70.0
TARA,2017-12-01,72.0,76.0,72.0,76.0
TARA,2017-12-04,76.0,76.0,73.0,76.0
TARA,2017-12-05,76.0,76.0,73.0,76.0
TARA,2017-12-06,74.0,76.0,72.0,74.0
TARA,2017-12-07,74.0,74.0,72.0,74.0
TARA,2017-12-08,74.0,76.0,72.0,76.0
TARA,2017-12-11,76.0,78.0,73.0,74.0
TARA,2017-12-12,74.0,78.0,74.0,74.0
TARA,2017-12-13,74.2,76.0,74.0,75.0
TARA,2017-12-14,76.0,78.0,74.0,74.0
TARA,2017-12-15,74.0,76.0,74.0,74.0
TARA,2017-12-18,74.0,76.0,72.88,76.0
TARA,2017-12-19,74.0,76.0,72.0,74.0
TARA,2017-12-20,74.0,76.0,72.0,76.0
TARA,2017-12-21,74.0,76.0,74.0,74.0
TARA,2017-12-22,74.8,76.0,74.4,76.0
TARA,2017-12-26,76.0,76.0,74.0,74.0
TARA,2017-12-27,76.0,76.0,72.4,74.0
TARA,2017-12-28,72.0,76.0,72.0,76.0
TARA,2017-12-29,74.0,76.0,72.0,76.0
TARA,2018-01-02,76.0,76.0,74.2,76.0
TARA,2018-01-03,76.0,76.0,74.0,74.0
TARA,2018-01-04,74.0,76.0,74.0,74.0
TARA,2018-01-05,74.0,76.0,74.0,76.0
TARA,2018-01-08,76.0,76.0,74.0,74.0
TARA,2018-01-09,76.0,76.0,74.6,76.0
TARA,2018-01-10,76.0,76.0,74.0,76.0
TARA,2018-01-11,76.0,102.0,76.0,96.0
TARA,2018-01-12,100.0,106.0,92.4,100.0
TARA,2018-01-16,100.0,102.0,88.2,94.0
TARA,2018-01-17,92.0,114.0,92.0,114.0
TARA,2018-01-18,114.0,114.0,94.4,98.0
TARA,2018-01-19,100.0,102.0,92.0,98.0
TARA,2018-01-22,102.0,102.0,98.0,99.0
TARA,2018-01-23,98.0,100.0,80.0,82.0
TARA,2018-01-24,82.0,88.0,80.0,86.0
TARA,2018-01-25,84.0,88.0,82.0,84.0
TARA,2018-01-26,86.0,88.0,82.2,88.0
TARA,2018-01-29,88.0,98.0,87.0,98.0
TARA,2018-01-30,96.0,104.4,88.4,98.0
TARA,2018-01-31,100.0,101.6,88.0,90.0
TARA,2018-02-01,92.0,92.4,88.0,92.0
TARA,2018-02-02,90.0,92.0,86.0,90.0
TARA,2018-02-05,90.0,90.0,84.0,84.0
TARA,2018-02-06,80.0,88.0,74.4,88.0
TARA,2018-02-07,84.84,100.0,84.84,96.0
TARA,2018-02-08,92.0,94.0,86.0,86.0
TARA,2018-02-09,89.24,92.0,78.0,89.8
TARA,2018-02-12,90.0,94.0,84.56,90.0
TARA,2018-02-13,90.0,96.0,90.0,90.0
TARA,2018-02-14,88.0,89.6,84.0,84.0
TARA,2018-02-15,88.0,90.0,84.0,85.0
TARA,2018-02-16,85.6,86.0,84.0,84.0
TARA,2018-02-20,84.0,92.0,84.0,86.0
TARA,2018-02-21,84.4,92.0,84.4,92.0
TARA,2018-02-22,92.0,100.0,92.0,92.0
TARA,2018-02-23,94.0,98.0,88.0,88.0
TARA,2018-02-26,92.0,92.0,86.0,86.0
TARA,2018-02-27,86.0,92.0,86.0,88.0
TARA,2018-02-28,88.0,92.0,88.0,90.0
TARA,2018-03-01,92.0,92.0,86.2,92.0
TARA,2018-03-02,88.0,89.12,84.0,88.0
TARA,2018-03-05,84.0,90.0,84.0,84.0
TARA,2018-03-06,87.0,92.0,87.0,88.0
TARA,2018-03-07,86.0,94.0,86.0,92.0
TARA,2018-03-08,94.0,98.0,92.0,98.0
TARA,2018-03-09,98.0,100.0,92.0,92.0
TARA,2018-03-12,92.0,96.0,84.0,90.0
TARA,2018-03-13,92.0,96.0,92.0,96.0
TARA,2018-03-14,96.0,96.0,90.0,92.0
TARA,2018-03-15,94.0,96.0,84.0,86.0
TARA,2018-03-16,86.0,98.0,86.0,98.0
TARA,2018-03-19,98.0,98.0,94.0,96.0
TARA,2018-03-20,96.0,104.8,96.0,100.0
TARA,2018-03-21,98.0,112.0,98.0,108.0
TARA,2018-03-22,106.0,114.0,106.0,112.0
TARA,2018-03-23,110.0,111.2,102.0,104.0
TARA,2018-03-26,98.0,104.0,96.0,96.0
TARA,2018-03-27,102.0,106.0,101.2,102.0
TARA,2018-03-28,104.0,105.6,100.0,102.0
TARA,2018-03-29,102.0,105.6,100.0,100.0
TARA,2018-04-02,98.0,104.0,96.0,98.0
TARA,2018-04-03,96.0,102.0,94.28,98.0
TARA,2018-04-04,98.0,100.0,98.0,100.0
TARA,2018-04-05,102.0,102.0,98.2,100.0
TARA,2018-04-06,100.8,102.0,98.0,98.0
TARA,2018-04-09,100.0,100.0,96.0,96.0
TARA,2018-04-10,94.0,102.0,94.0,98.0
TARA,2018-04-11,96.0,102.0,96.0,100.0
TARA,2018-04-12,100.0,102.0,98.0,98.0
TARA,2018-04-13,101.6,101.6,98.0,98.0
TARA,2018-04-16,100.0,102.0,94.0,94.0
TARA,2018-04-17,94.0,100.0,94.0,98.0
TARA,2018-04-18,100.0,102.0,94.0,94.0
TARA,2018-04-19,94.0,98.0,94.0,98.0
TARA,2018-04-20,96.0,98.0,90.0,90.0
TARA,2018-04-23,92.0,92.2,88.0,92.0
TARA,2018-04-24,94.0,94.0,86.0,88.0
TARA,2018-04-25,86.0,88.0,86.0,86.72
TARA,2018-04-26,86.0,88.0,85.2,88.0
TARA,2018-04-27,88.0,92.0,86.0,86.0
TARA,2018-04-30,86.0,88.0,84.4,86.0
TARA,2018-05-01,86.0,88.44,85.48,88.0
TARA,2018-05-02,86.36,86.36,84.0,86.0
TARA,2018-05-03,86.0,88.0,86.0,88.0
TARA,2018-05-04,88.0,88.0,84.0,85.0
TARA,2018-05-07,86.0,86.0,84.0,84.0
TARA,2018-05-08,84.0,87.0,84.0,86.0
TARA,2018-05-09,86.0,86.0,84.0,84.0
TARA,2018-05-10,86.0,90.0,84.0,84.0
TARA,2018-05-11,84.0,88.0,84.0,84.0
TARA,2018-05-14,86.0,90.48,84.0,88.0
TARA,2018-05-15,87.0,88.48,84.0,84.0
TARA,2018-05-16,84.0,84.0,80.0,82.0
TARA,2018-05-17,84.0,84.0,80.0,80.0
TARA,2018-05-18,84.0,84.0,82.0,84.0
TARA,2018-05-21,86.0,86.0,82.0,86.0
TARA,2018-05-22,84.4,88.0,84.0,84.0
TARA,2018-05-23,82.0,86.0,80.2,82.0
TARA,2018-05-24,82.0,84.0,82.0,84.0
TARA,2018-05-25,84.0,85.0,80.0,82.0
TARA,2018-05-29,83.8,84.0,82.4,84.0
TARA,2018-05-30,82.0,93.6,82.0,88.0
TARA,2018-05-31,88.0,91.0,86.0,86.0
TARA,2018-06-01,89.6,92.0,86.0,92.0
TARA,2018-06-04,92.0,93.44,86.0,86.0
TARA,2018-06-05,86.0,88.0,86.0,88.0
TARA,2018-06-06,88.0,88.0,86.0,86.0
TARA,2018-06-07,86.0,90.0,86.0,90.0
TARA,2018-06-08,90.0,102.0,90.0,100.0
TARA,2018-06-11,102.0,103.6,100.0,102.0
TARA,2018-06-12,102.0,116.0,100.2,110.0
TARA,2018-06-13,108.0,112.0,100.4,108.0
TARA,2018-06-14,108.0,110.0,104.0,108.0
TARA,2018-06-15,108.0,108.0,98.0,106.0
TARA,2018-06-18,106.0,108.0,105.0,108.0
TARA,2018-06-19,104.0,108.0,102.2,104.0
TARA,2018-06-20,102.0,108.0,102.0,108.0
TARA,2018-06-21,104.4,108.0,104.0,104.0
TARA,2018-06-22,104.0,110.0,102.0,110.0
TARA,2018-06-25,108.0,110.0,106.0,106.0
TARA,2018-06-26,106.0,110.0,102.0,102.0
TARA,2018-06-27,106.0,106.0,98.0,98.0
TARA,2018-06-28,96.0,102.0,94.0,102.0
TARA,2018-06-29,102.0,102.0,97.0,98.0
TARA,2018-07-02,95.8,102.0,95.8,102.0
TARA,2018-07-03,102.0,104.0,100.0,102.0
TARA,2018-07-05,102.0,112.0,102.0,112.0
TARA,2018-07-06,112.0,112.0,106.0,106.0
TARA,2018-07-09,104.0,108.0,104.0,106.0
TARA,2018-07-10,106.0,108.0,104.0,104.0
TARA,2018-07-11,106.0,108.0,104.32,108.0
TARA,2018-07-12,108.0,108.0,104.0,104.0
TARA,2018-07-13,107.6,108.0,106.0,108.0
TARA,2018-07-16,108.0,108.0,94.0,96.0
TARA,2018-07-17,94.0,100.0,94.0,98.0
TARA,2018-07-18,96.68,100.0,96.68,100.0
TARA,2018-07-19,100.0,100.0,96.0,96.0
TARA,2018-07-20,96.0,98.0,95.8,98.0
TARA,2018-07-23,98.0,98.0,94.0,94.0
TARA,2018-07-24,96.0,96.0,94.0,94.0
TARA,2018-07-25,95.2,96.0,94.0,96.0
TARA,2018-07-26,96.0,98.0,94.0,96.0
TARA,2018-07-27,96.0,96.0,88.0,88.0
TARA,2018-07-30,88.0,90.0,86.0,88.0
TARA,2018-07-31,88.0,90.0,86.0,86.0
TARA,2018-08-01,88.0,88.0,85.0,85.0
TARA,2018-08-02,84.0,86.0,83.92,86.0
TARA,2018-08-03,86.0,92.0,86.0,86.0
TARA,2018-08-06,86.0,89.8,86.0,89.8
TARA,2018-08-07,94.0,94.2,88.4,90.0
TARA,2018-08-08,92.0,98.0,88.0,88.0
TARA,2018-08-09,92.0,92.0,90.0,92.0
TARA,2018-08-10,92.0,92.0,91.6,92.0
TARA,2018-08-13,92.0,93.48,90.0,92.0
TARA,2018-08-14,90.0,95.6,90.0,93.0
TARA,2018-08-15,94.0,94.0,89.6,90.0
TARA,2018-08-16,88.4,96.0,88.4,93.0
TARA,2018-08-17,94.0,98.0,94.0,96.0
TARA,2018-08-20,94.0,94.0,86.0,90.0
TARA,2018-08-21,92.0,96.0,90.2,94.0
TARA,2018-08-22,94.0,98.0,92.2,96.0
TARA,2018-08-23,94.0,96.0,92.0,96.0
TARA,2018-08-24,94.0,96.0,93.92,96.0
TARA,2018-08-27,94.0,98.0,94.0,96.0
TARA,2018-08-28,96.0,100.0,96.0,98.0
TARA,2018-08-29,97.24,98.0,96.2,98.0
TARA,2018-08-30,96.0,96.0,94.0,94.0
TARA,2018-08-31,94.0,96.0,94.0,94.0
TARA,2018-09-04,96.0,96.0,84.0,86.0
TARA,2018-09-05,84.0,90.0,84.0,90.0
TARA,2018-09-06,89.0,93.8,86.4,93.0
TARA,2018-09-07,92.0,96.0,92.0,96.0
TARA,2018-09-10,96.0,96.0,90.0,90.0
TARA,2018-09-11,90.0,94.0,86.0,88.0
TARA,2018-09-12,90.0,92.0,84.0,86.0
TARA,2018-09-13,88.0,90.0,86.0,86.0
TARA,2018-09-14,86.0,90.0,86.0,88.0
TARA,2018-09-17,84.0,88.0,84.0,84.0
TARA,2018-09-18,84.2,86.0,80.0,82.0
TARA,2018-09-19,80.0,87.0,79.2,86.0
TARA,2018-09-20,86.0,86.0,82.0,82.0
TARA,2018-09-21,82.0,84.0,72.36,82.0
TARA,2018-09-24,80.0,82.0,74.0,74.0
TARA,2018-09-25,76.0,80.0,72.4,78.0
TARA,2018-09-26,80.0,80.0,78.0,80.0
TARA,2018-09-27,80.0,80.0,76.0,76.0
TARA,2018-09-28,76.0,78.0,76.0,78.0
TARA,2018-10-01,76.0,78.0,74.0,74.0
TARA,2018-10-02,74.4,74.4,68.0,71.6
TARA,2018-10-03,71.6,74.0,68.0,68.8
TARA,2018-10-04,68.0,73.2,65.2,70.0
TARA,2018-10-05,69.6,69.6,66.0,66.0
TARA,2018-10-08,64.0,66.0,61.2,61.2
TARA,2018-10-09,61.6,69.6,61.36,67.2
TARA,2018-10-10,66.0,68.0,62.8,62.8
TARA,2018-10-11,63.2,64.0,60.0,63.6
TARA,2018-10-12,63.6,64.4,61.2,63.2
TARA,2018-10-15,64.0,66.8,63.96,66.0
TARA,2018-10-16,65.6,72.0,65.48,70.0
TARA,2018-10-17,70.4,74.0,66.4,71.6
TARA,2018-10-18,70.4,82.0,70.4,80.0
TARA,2018-10-19,81.2,87.96,76.8,78.8
TARA,2018-10-22,81.08,82.8,74.0,77.8
TARA,2018-10-23,74.8,77.6,72.0,77.2
TARA,2018-10-24,75.2,80.8,70.4,80.4
TARA,2018-10-25,80.4,82.0,70.4,70.4
TARA,2018-10-26,70.4,73.84,64.0,64.0
TARA,2018-10-29,65.2,68.4,64.0,68.4
TARA,2018-10-30,70.0,71.6,64.0,68.0
TARA,2018-10-31,68.0,70.0,64.0,64.0
TARA,2018-11-01,64.8,68.0,64.8,68.0
TARA,2018-11-02,64.4,69.2,64.4,66.4
TARA,2018-11-05,66.8,70.0,66.8,68.0
TARA,2018-11-06,68.0,69.6,66.92,69.6
TARA,2018-11-07,69.2,70.04,66.2,66.2
TARA,2018-11-08,71.6,72.0,69.6,69.6
TARA,2018-11-09,70.4,71.6,68.0,69.2
TARA,2018-11-12,68.4,70.8,66.0,70.0
TARA,2018-11-13,71.6,71.6,66.0,66.0
TARA,2018-11-14,67.2,68.8,62.0,62.0
TARA,2018-11-15,62.0,66.8,62.0,66.4
TARA,2018-11-16,66.4,66.8,64.4,64.8
TARA,2018-11-19,66.4,67.6,65.08,66.0
TARA,2018-11-20,65.2,70.8,65.2,70.8
TARA,2018-11-21,70.4,72.0,66.44,72.0
TARA,2018-11-23,72.0,72.0,68.8,68.8
TARA,2018-11-26,68.88,72.0,68.88,71.2
TARA,2018-11-27,70.8,72.0,69.2,70.72
TARA,2018-11-28,71.2,72.0,69.2,69.2
TARA,2018-11-29,69.6,71.6,67.6,69.6
TARA,2018-11-30,69.6,69.6,66.4,66.4
TARA,2018-12-03,68.2,68.8,68.0,68.0
TARA,2018-12-04,68.8,71.2,68.8,70.8
TARA,2018-12-06,68.4,70.4,67.2,67.2
TARA,2018-12-07,67.6,71.2,67.6,70.0
TARA,2018-12-10,68.4,75.24,68.4,70.4
TARA,2018-12-11,72.0,74.4,70.4,70.4
TARA,2018-12-12,74.12,75.2,72.8,73.6
TARA,2018-12-13,75.2,76.0,71.2,74.4
TARA,2018-12-14,74.4,76.0,72.72,73.6
TARA,2018-12-17,74.0,76.0,72.4,74.4
TARA,2018-12-18,75.2,75.2,70.4,73.2
TARA,2018-12-19,72.4,75.6,72.4,75.6
TARA,2018-12-20,74.4,75.2,72.28,74.4
TARA,2018-12-21,74.72,75.6,73.6,75.6
TARA,2018-12-24,74.8,74.88,72.0,72.0
TARA,2018-12-26,73.6,75.6,73.2,74.8
TARA,2018-12-27,74.0,75.6,74.0,74.0
TARA,2018-12-28,75.2,94.0,74.84,90.0
TARA,2018-12-31,92.0,95.2,89.6,90.8
TARA,2019-01-02,89.6,107.6,89.6,98.4
TARA,2019-01-03,102.0,102.0,96.4,96.4
TARA,2019-01-04,99.2,99.2,96.0,99.12
TARA,2019-01-07,99.2,105.6,98.0,98.0
TARA,2019-01-08,101.6,107.2,101.2,104.4
TARA,2019-01-09,103.6,105.52,103.6,104.0
TARA,2019-01-10,104.0,104.0,100.8,100.8
TARA,2019-01-11,97.56,102.4,97.56,99.6
TARA,2019-01-14,99.6,99.6,98.0,98.4
TARA,2019-01-15,100.0,100.0,97.6,98.8
TARA,2019-01-16,99.2,105.6,99.2,102.8
TARA,2019-01-17,104.0,106.8,102.6,104.0
TARA,2019-01-18,104.0,106.0,102.04,105.6
TARA,2019-01-22,102.8,106.0,102.8,104.0
TARA,2019-01-23,104.4,106.0,104.4,105.2
TARA,2019-01-24,106.0,111.56,97.24,99.2
TARA,2019-01-25,99.6,110.0,99.6,110.0
TARA,2019-01-28,105.2,106.84,102.0,103.6
TARA,2019-01-29,103.6,105.6,102.0,102.0
TARA,2019-01-30,104.0,105.6,102.4,103.48
TARA,2019-01-31,102.4,108.0,102.4,108.0
TARA,2019-02-01,108.0,108.6,102.4,104.4
TARA,2019-02-04,104.0,115.6,102.0,103.6
TARA,2019-02-05,104.0,114.0,104.0,107.2
TARA,2019-02-06,108.0,115.2,106.8,109.6
TARA,2019-02-07,110.0,112.08,108.0,110.4
TARA,2019-02-08,110.4,115.2,110.4,111.2
TARA,2019-02-11,118.8,124.0,112.8,116.0
TARA,2019-02-12,118.0,123.6,114.44,116.8
TARA,2019-02-13,118.4,122.0,115.2,119.6
TARA,2019-02-14,119.6,121.08,118.4,118.8
TARA,2019-02-15,120.0,122.0,118.4,119.6
TARA,2019-02-19,121.6,124.0,119.6,121.6
TARA,2019-02-20,118.4,122.0,116.04,117.2
TARA,2019-02-21,117.2,120.0,116.4,118.8
TARA,2019-02-22,118.8,120.8,118.0,120.0
TARA,2019-02-25,120.0,120.8,110.4,115.2
TARA,2019-02-26,116.0,118.8,113.6,116.8
TARA,2019-02-27,115.2,118.0,115.2,117.2
TARA,2019-02-28,117.2,118.8,114.4,116.4
TARA,2019-03-01,116.4,117.0,104.8,108.4
TARA,2019-03-04,109.2,116.4,104.0,112.4
TARA,2019-03-05,108.8,122.8,108.8,119.2
TARA,2019-03-06,118.0,148.4,118.0,144.8
TARA,2019-03-07,145.6,147.6,136.4,141.6
TARA,2019-03-08,146.0,151.92,140.4,145.6
TARA,2019-03-11,150.8,152.8,141.72,144.0
TARA,2019-03-12,141.2,156.76,140.0,150.0
TARA,2019-03-13,150.8,157.6,132.4,140.8
TARA,2019-03-14,140.8,152.0,132.4,146.4
TARA,2019-03-15,145.6,146.0,112.8,140.8
TARA,2019-03-18,144.8,149.6,140.72,146.0
TARA,2019-03-19,145.2,149.2,134.0,137.2
TARA,2019-03-20,136.8,136.8,128.8,128.8
TARA,2019-03-21,127.2,134.8,126.8,128.4
TARA,2019-03-22,127.2,145.2,124.4,132.8
TARA,2019-03-25,132.8,141.12,126.4,136.4
TARA,2019-03-26,143.48,152.0,136.52,149.6
TARA,2019-03-27,152.0,152.4,134.4,139.2
TARA,2019-03-28,23.2,24.8,19.0,20.04
TARA,2019-03-29,20.6,21.16,20.0,20.12
TARA,2019-04-01,20.4,20.4,18.4,19.4
TARA,2019-04-02,19.16,23.2,18.04,23.2
TARA,2019-04-03,23.2,23.4,20.44,22.0
TARA,2019-04-04,20.8,21.2,19.2,20.4
TARA,2019-04-05,20.4,23.96,20.0,21.2
TARA,2019-04-08,21.24,22.4,20.8,21.2
TARA,2019-04-09,20.8,21.2,20.04,20.76
TARA,2019-04-10,20.4,23.0,19.68,22.24
TARA,2019-04-11,22.92,22.92,20.8,21.36
TARA,2019-04-12,21.2,21.2,19.6,20.6
TARA,2019-04-15,21.0,21.52,20.0,21.2
TARA,2019-04-16,22.0,22.8,20.2,20.8
TARA,2019-04-17,20.64,20.64,20.0,20.2
TARA,2019-04-18,20.0,20.4,19.32,19.6
TARA,2019-04-22,17.36,18.8,16.84,17.76
TARA,2019-04-23,17.6,17.8,16.52,17.2
TARA,2019-04-24,18.8,18.8,17.0,17.32
TARA,2019-04-25,19.0,19.2,16.8,16.8
TARA,2019-04-26,16.8,17.6,14.8,16.8
TARA,2019-04-29,16.72,17.2,16.0,16.6
TARA,2019-04-30,16.8,17.2,16.08,16.4
TARA,2019-05-01,16.4,16.96,15.64,16.0
TARA,2019-05-02,16.32,17.16,15.8,16.48
TARA,2019-05-03,16.96,17.6,16.04,17.4
TARA,2019-05-06,16.92,17.4,16.4,17.0
TARA,2019-05-07,16.8,17.6,16.72,16.84
TARA,2019-05-08,17.12,17.12,15.2,15.2
TARA,2019-05-09,14.8,15.4,14.4,14.6
TARA,2019-05-10,14.16,14.52,14.0,14.4
TARA,2019-05-13,14.36,14.4,14.0,14.24
TARA,2019-05-14,14.64,15.56,14.0,14.68
TARA,2019-05-15,14.56,15.2,14.4,15.08
TARA,2019-05-16,14.92,14.96,14.44,14.56
TARA,2019-05-17,14.52,15.52,14.04,15.04
TARA,2019-05-20,15.2,18.0,14.4,17.96
TARA,2019-05-21,17.0,17.4,15.6,16.52
TARA,2019-05-22,16.8,28.4,16.8,24.92
TARA,2019-05-23,20.84,22.8,16.4,16.64
TARA,2019-05-24,16.48,16.8,15.2,15.92
TARA,2019-05-28,15.72,19.56,15.6,17.2
TARA,2019-05-29,17.2,17.76,15.6,16.8
TARA,2019-05-30,17.2,18.8,16.2,17.6
TARA,2019-05-31,17.6,17.6,16.48,16.8
TARA,2019-06-03,17.32,18.0,16.36,16.4
TARA,2019-06-04,16.36,21.28,16.36,18.0
TARA,2019-06-05,18.08,19.56,16.68,17.2
TARA,2019-06-06,17.04,17.88,16.4,16.8
TARA,2019-06-07,17.6,17.6,16.16,16.4
TARA,2019-06-10,16.4,17.2,15.6,15.8
TARA,2019-06-11,16.04,16.04,15.2,15.88
TARA,2019-06-12,15.6,16.96,15.28,15.84
TARA,2019-06-13,15.84,17.56,15.6,16.84
TARA,2019-06-14,17.2,17.8,16.4,16.8
TARA,2019-06-17,16.8,17.08,16.56,16.8
TARA,2019-06-18,17.04,18.4,16.8,18.04
TARA,2019-06-19,17.96,21.0,17.2,18.72
TARA,2019-06-20,17.72,19.12,16.48,17.6
TARA,2019-06-21,17.96,18.8,16.8,17.4
TARA,2019-06-24,18.28,18.28,17.0,17.52
TARA,2019-06-25,17.2,18.0,16.12,17.28
TARA,2019-06-26,16.8,17.28,16.12,16.24
TARA,2019-06-27,16.12,17.2,15.6,16.32
TARA,2019-06-28,16.32,18.12,16.04,16.64
TARA,2019-07-01,17.48,17.48,16.4,16.8
TARA,2019-07-02,17.0,18.4,16.8,17.68
TARA,2019-07-03,17.76,18.56,17.08,17.56
TARA,2019-07-05,17.24,17.6,16.4,16.84
TARA,2019-07-08,17.0,17.36,16.48,16.84
TARA,2019-07-09,16.4,16.64,16.0,16.4
TARA,2019-07-10,16.8,17.6,16.24,17.4
TARA,2019-07-11,17.6,19.0,16.88,18.32
TARA,2019-07-12,18.0,19.4,17.6,18.04
TARA,2019-07-15,18.4,18.68,16.8,17.24
TARA,2019-07-16,17.24,17.6,16.8,17.12
TARA,2019-07-17,17.44,17.84,17.2,17.28
TARA,2019-07-18,17.6,17.6,17.0,17.24
TARA,2019-07-19,17.6,17.6,16.4,16.6
TARA,2019-07-22,16.6,17.0,16.4,16.48
TARA,2019-07-23,16.76,16.8,15.28,16.0
TARA,2019-07-24,16.0,16.4,14.0,15.64
TARA,2019-07-25,16.52,16.52,15.6,15.68
TARA,2019-07-26,16.4,16.4,15.84,16.12
TARA,2019-07-29,16.0,16.4,15.52,15.84
TARA,2019-07-30,15.56,16.16,15.36,15.64
TARA,2019-07-31,15.64,16.0,14.4,14.8
TARA,2019-08-01,15.28,15.28,14.4,14.4
TARA,2019-08-02,14.4,14.88,14.4,14.6
TARA,2019-08-05,14.2,14.4,12.92,13.52
TARA,2019-08-06,13.52,15.4,13.52,14.56
TARA,2019-08-07,12.6,13.6,11.2,12.0
TARA,2019-08-08,11.2,12.2,11.2,12.12
TARA,2019-08-09,12.0,12.8,11.96,12.28
TARA,2019-08-12,12.6,12.6,11.8,12.32
TARA,2019-08-13,12.36,12.4,12.0,12.24
TARA,2019-08-14,12.24,12.32,11.24,11.4
TARA,2019-08-15,11.56,12.0,11.24,11.4
TARA,2019-08-16,11.4,12.0,10.8,11.24
TARA,2019-08-19,11.6,12.36,11.4,11.76
TARA,2019-08-20,11.64,13.16,11.4,12.64
TARA,2019-08-21,12.8,13.6,12.44,13.2
TARA,2019-08-22,12.8,13.16,12.64,12.68
TARA,2019-08-23,12.64,13.08,12.48,12.52
TARA,2019-08-26,12.64,12.64,11.84,11.96
TARA,2019-08-27,11.84,12.4,11.84,12.32
TARA,2019-08-28,12.44,13.16,12.0,12.88
TARA,2019-08-29,12.48,12.8,12.08,12.24
TARA,2019-08-30,12.28,13.2,12.04,12.8
TARA,2019-09-03,12.4,13.4,12.4,12.48
TARA,2019-09-04,12.64,13.52,12.64,13.2
TARA,2019-09-05,13.8,13.8,13.2,13.4
TARA,2019-09-06,13.36,14.0,12.84,13.8
TARA,2019-09-09,13.8,15.4,13.36,14.8
TARA,2019-09-10,14.36,15.2,13.6,14.6
TARA,2019-09-11,14.0,15.6,14.0,14.8
TARA,2019-09-12,14.8,15.2,14.0,14.96
TARA,2019-09-13,14.48,15.2,14.32,14.6
TARA,2019-09-16,14.52,16.0,14.44,15.04
TARA,2019-09-17,15.24,15.88,14.76,14.88
TARA,2019-09-18,14.8,15.52,13.8,14.72
TARA,2019-09-19,14.48,14.8,14.0,14.76
TARA,2019-09-20,14.72,14.72,13.28,14.2
TARA,2019-09-23,13.96,14.36,12.8,13.28
TARA,2019-09-24,16.96,18.36,14.12,14.36
TARA,2019-09-25,13.2,13.96,11.6,12.24
TARA,2019-09-26,11.6,12.0,11.0,11.24
TARA,2019-09-27,11.4,11.4,9.6,10.0
TARA,2019-09-30,10.04,10.8,9.8,10.4
TARA,2019-10-01,10.4,10.6,10.4,10.4
TARA,2019-10-02,10.6,11.04,10.4,10.4
TARA,2019-10-03,10.8,11.2,10.2,10.2
TARA,2019-10-04,10.24,10.76,10.24,10.4
TARA,2019-10-07,10.92,12.0,10.4,11.24
TARA,2019-10-08,11.6,11.72,10.4,10.68
TARA,2019-10-09,10.52,11.76,10.52,11.12
TARA,2019-10-10,11.0,11.48,10.44,10.6
TARA,2019-10-11,11.12,11.16,10.0,10.16
TARA,2019-10-14,10.4,10.6,9.68,10.36
TARA,2019-10-15,10.4,10.56,10.08,10.4
TARA,2019-10-16,10.0,11.04,9.8,11.0
TARA,2019-10-17,11.2,11.2,10.2,10.88
TARA,2019-10-18,11.16,11.6,10.56,11.2
TARA,2019-10-21,11.6,11.68,10.64,11.12
TARA,2019-10-22,10.8,11.36,10.8,10.84
TARA,2019-10-23,11.08,11.2,10.64,10.68
TARA,2019-10-24,10.8,11.12,9.8,10.16
TARA,2019-10-25,10.36,10.64,10.12,10.2
TARA,2019-10-28,10.56,10.64,10.16,10.4
TARA,2019-10-29,10.36,10.64,10.08,10.12
TARA,2019-10-30,10.08,10.4,10.08,10.36
TARA,2019-10-31,10.4,10.4,8.8,10.0
TARA,2019-11-01,10.12,11.2,9.92,10.52
TARA,2019-11-04,10.8,10.8,10.16,10.24
TARA,2019-11-05,10.76,10.76,10.0,10.4
TARA,2019-11-06,10.4,10.8,10.2,10.56
TARA,2019-11-07,10.56,10.6,10.16,10.24
TARA,2019-11-08,10.24,10.4,9.8,9.96
TARA,2019-11-11,10.4,10.4,9.8,10.0
TARA,2019-11-12,10.4,11.2,8.84,11.0
TARA,2019-11-13,11.2,12.4,11.0,12.0
TARA,2019-11-14,13.0,13.0,11.2,12.08
TARA,2019-11-15,12.8,13.12,11.12,11.52
TARA,2019-11-18,11.72,11.72,10.8,10.96
TARA,2019-11-19,11.48,12.0,11.16,11.72
TARA,2019-11-20,12.0,12.4,11.6,11.6
TARA,2019-11-21,12.0,12.4,11.6,12.36
TARA,2019-11-22,11.88,12.64,11.6,12.4
TARA,2019-11-25,12.08,13.0,12.08,12.76
TARA,2019-11-26,12.4,12.88,11.6,11.96
TARA,2019-11-27,12.24,12.32,11.72,12.2
TARA,2019-11-29,12.0,12.24,12.0,12.0
TARA,2019-12-02,12.28,12.8,12.04,12.6
TARA,2019-12-03,13.4,13.4,11.6,11.6
TARA,2019-12-04,11.8,12.2,11.24,11.6
TARA,2019-12-05,11.88,12.0,10.8,11.2
TARA,2019-12-06,11.6,12.0,11.0,11.76
TARA,2019-12-09,11.8,12.8,11.68,12.16
TARA,2019-12-10,12.76,13.2,12.08,12.8
TARA,2019-12-11,13.64,13.64,12.32,12.88
TARA,2019-12-12,13.52,13.52,12.64,12.88
TARA,2019-12-13,12.96,12.96,12.08,12.52
TARA,2019-12-16,12.52,12.8,11.0,12.0
TARA,2019-12-17,12.4,12.4,11.4,11.8
TARA,2019-12-18,11.8,12.16,11.56,11.6
TARA,2019-12-19,11.6,11.68,11.4,11.6
TARA,2019-12-20,12.2,12.32,11.2,11.2
TARA,2019-12-23,12.2,12.2,11.4,11.76
TARA,2019-12-24,11.6,11.6,11.4,11.56
TARA,2019-12-26,11.6,13.4,11.56,13.2
TARA,2019-12-27,12.48,14.84,12.48,14.4
TARA,2019-12-30,15.12,17.6,14.4,17.6
TARA,2019-12-31,17.0,18.4,16.0,16.4
TARA,2020-01-02,16.4,18.64,16.4,18.64
TARA,2020-01-03,17.2,19.2,17.0,18.8
TARA,2020-01-06,19.2,21.2,18.0,20.8
TARA,2020-01-07,20.8,22.16,20.0,22.0
TARA,2020-01-08,22.8,27.84,21.6,26.0
TARA,2020-01-09,30.0,38.2,25.2,33.4
TARA,2020-01-10,33.5,41.98,24.0,30.0
TARA,2020-01-13,22.55,28.679,22.55,27.85
TARA,2020-01-14,26.0,28.273,26.0,27.0
TARA,2020-01-15,27.0,29.7,27.0,28.0
TARA,2020-01-16,28.0,28.0,26.952,27.82
TARA,2020-01-17,28.02,28.3,27.03,28.0
TARA,2020-01-21,26.12,28.34,25.225,28.34
TARA,2020-01-22,28.34,34.291,28.34,34.008
TARA,2020-01-23,31.89,37.3,29.87,36.6
TARA,2020-01-24,36.82,42.49,33.197,33.5
TARA,2020-01-27,33.0,38.18,31.5,34.7
TARA,2020-01-28,34.0,35.1,32.02,33.0
TARA,2020-01-29,34.0,34.442,32.176,33.511
TARA,2020-01-30,33.6,33.84,32.5,33.84
TARA,2020-01-31,33.01,38.593,31.006,32.5
TARA,2020-02-03,32.1,35.2,32.0,35.174
TARA,2020-02-04,35.2,36.99,35.176,36.99
TARA,2020-02-05,38.14,38.14,35.0,35.5
TARA,2020-02-06,35.56,36.309,33.03,36.09
TARA,2020-02-07,35.459,37.99,34.78,36.5
TARA,2020-02-10,36.05,36.99,32.45,36.46
TARA,2020-02-11,35.5,40.0,33.95,37.3
TARA,2020-02-12,37.09,39.385,37.09,39.0
TARA,2020-02-13,38.0,39.27,36.22,36.25
TARA,2020-02-14,35.5,39.5,35.0,36.87
TARA,2020-02-18,36.87,38.22,35.33,37.85
TARA,2020-02-19,37.64,37.792,36.1,36.67
TARA,2020-02-20,36.76,36.76,34.39,34.8
TARA,2020-02-21,34.7,35.105,31.47,32.12
TARA,2020-02-24,31.32,31.575,28.6,29.57
TARA,2020-02-25,29.63,30.5,27.08,29.0
TARA,2020-02-26,29.1,29.27,26.5,27.7
TARA,2020-02-27,27.18,30.075,25.4,28.92
TARA,2020-02-28,26.0,29.02,26.0,28.5
TARA,2020-03-02,28.1,28.47,27.2,27.98
TARA,2020-03-03,28.58,30.25,26.8,28.16
TARA,2020-03-04,28.5,30.0,28.1,28.69
TARA,2020-03-05,27.94,28.825,27.657,27.91
TARA,2020-03-06,27.05,27.93,27.05,27.13
TARA,2020-03-09,27.01,29.15,26.01,27.0
TARA,2020-03-10,27.33,30.25,24.2,24.2
TARA,2020-03-11,23.4,24.68,20.13,24.04
TARA,2020-03-12,22.6,26.0,22.0,23.23
TARA,2020-03-13,23.81,26.5,23.81,26.5
TARA,2020-03-16,25.3,26.5,23.001,24.3
TARA,2020-03-17,23.96,28.83,22.891,28.83
TARA,2020-03-18,25.07,29.23,20.5,27.0
TARA,2020-03-19,26.49,28.37,23.248,24.36
TARA,2020-03-20,24.16,24.16,19.69,23.25
TARA,2020-03-23,20.94,21.5,19.35,21.02
TARA,2020-03-24,20.2,24.0,19.22,24.0
TARA,2020-03-25,21.12,23.35,21.12,22.5
TARA,2020-03-26,22.01,22.01,22.01,22.01
TARA,2020-03-27,21.75,22.5,21.75,21.9
TARA,2020-03-30,21.7,22.0,20.74,21.6
TARA,2020-03-31,21.27,23.64,21.25,23.0
TARA,2020-04-01,21.3,24.25,21.3,24.25
TARA,2020-04-02,22.84,24.0,21.12,24.0
TARA,2020-04-03,22.6,24.24,22.6,23.04
TARA,2020-04-06,23.0,24.98,20.3,22.0
TARA,2020-04-07,23.25,23.25,23.25,23.25
TARA,2020-04-08,22.07,23.75,21.68,23.75
TARA,2020-04-09,22.42,22.42,22.31,22.31
TARA,2020-04-13,22.5,23.0,22.5,23.0
TARA,2020-04-14,22.46,24.02,22.45,24.02
TARA,2020-04-15,24.0,24.3,24.0,24.0
TARA,2020-04-16,22.084,23.8,22.084,23.8
TARA,2020-04-17,22.75,23.8,21.975,23.5
TARA,2020-04-20,22.53,23.55,22.45,22.45
TARA,2020-04-21,22.82,22.82,21.21,22.5
TARA,2020-04-22,22.51,22.85,22.5,22.85
TARA,2020-04-23,21.08,24.26,21.08,23.38
TARA,2020-04-24,23.58,24.48,23.0,23.97
TARA,2020-04-27,23.247,24.0,22.51,24.0
TARA,2020-04-28,24.25,24.34,24.0,24.0
TARA,2020-04-29,24.5,24.5,23.453,24.25
TARA,2020-04-30,22.58,25.0,21.45,24.5
TARA,2020-05-01,23.9,24.02,23.2,24.02
TARA,2020-05-04,23.28,26.01,22.99,25.789
TARA,2020-05-05,26.99,26.99,25.6,26.8
TARA,2020-05-06,27.0,27.0,25.31,26.19
TARA,2020-05-07,26.425,26.5,25.42,25.88
TARA,2020-05-08,26.59,26.59,23.039,24.55
TARA,2020-05-11,27.49,27.89,24.26,25.2
TARA,2020-05-12,25.66,25.66,23.85,24.6
TARA,2020-05-13,22.5,24.12,20.98,22.52
TARA,2020-05-14,22.93,24.75,21.29,22.59
TARA,2020-05-15,22.0,24.05,22.0,24.05
TARA,2020-05-18,25.5,26.75,23.5,25.8
TARA,2020-05-19,25.09,34.41,22.58,33.974
TARA,2020-05-20,35.61,41.5,34.49,39.0
TARA,2020-05-21,38.99,39.5,35.5,37.81
TARA,2020-05-22,39.49,41.98,38.393,41.19
TARA,2020-05-26,41.5,48.5,40.38,46.95
TARA,2020-05-27,46.95,47.75,44.0,47.48
TARA,2020-05-28,47.48,48.49,42.73,48.49
TARA,2020-05-29,48.2,57.74,47.755,54.4
TARA,2020-06-01,54.5,59.95,48.8,51.12
TARA,2020-06-02,51.57,64.86,51.17,60.7
TARA,2020-06-03,60.82,67.079,55.01,57.87
TARA,2020-06-04,58.0,59.0,52.618,54.59
TARA,2020-06-05,55.12,58.5,48.61,49.38
TARA,2020-06-08,49.0,51.105,36.26,36.26
TARA,2020-06-09,37.8,40.81,33.305,35.0
TARA,2020-06-10,37.29,38.856,31.1,32.01
TARA,2020-06-11,31.1,33.145,27.99,28.98
TARA,2020-06-12,30.0,32.208,27.01,30.36
TARA,2020-06-15,27.32,32.25,26.86,31.8
TARA,2020-06-16,32.87,33.13,28.69,30.0
TARA,2020-06-17,30.18,32.43,29.0,32.43
TARA,2020-06-18,32.2,34.985,29.2,29.32
TARA,2020-06-19,30.0,35.0,29.85,35.0
TARA,2020-06-22,35.72,40.29,30.9,31.63
TARA,2020-06-23,31.45,32.35,28.6,29.91
TARA,2020-06-24,30.0,34.007,29.613,32.06
TARA,2020-06-25,31.68,33.6,29.622,31.99
TARA,2020-06-26,31.74,32.25,27.68,29.69
TARA,2020-06-29,29.02,30.99,25.445,30.8
TARA,2020-06-30,29.6,30.26,26.46,29.32
TARA,2020-07-01,29.3,29.3,27.51,28.2
TARA,2020-07-02,28.16,29.605,27.55,28.01
TARA,2020-07-06,28.627,29.7,26.58,27.69
TARA,2020-07-07,27.82,29.58,27.236,28.95
TARA,2020-07-08,29.38,31.99,29.01,31.89
TARA,2020-07-09,31.01,31.63,28.59,28.85
TARA,2020-07-10,28.1,28.74,26.65,27.42
TARA,2020-07-13,27.03,29.487,25.59,25.59
TARA,2020-07-14,27.5,27.5,26.07,26.67
TARA,2020-07-15,27.0,27.01,26.04,26.04
TARA,2020-07-16,26.46,26.46,25.63,25.9
TARA,2020-07-17,25.51,28.18,25.51,26.56
TARA,2020-07-20,27.62,28.01,26.28,26.54
TARA,2020-07-21,26.473,27.445,26.31,26.8
TARA,2020-07-22,27.25,27.845,26.02,26.8
TARA,2020-07-23,26.93,27.286,26.08,26.7
TARA,2020-07-24,26.09,26.22,25.25,26.0
TARA,2020-07-27,25.5,26.19,25.5,26.07
TARA,2020-07-28,36.69,36.69,26.38,27.45
TARA,2020-07-29,28.88,29.0,24.65,25.61
TARA,2020-07-30,25.0,26.55,25.0,25.78
TARA,2020-07-31,25.495,25.495,24.21,24.94
TARA,2020-08-03,24.04,25.05,23.92,25.05
TARA,2020-08-04,25.34,26.36,24.731,26.27
TARA,2020-08-05,26.54,26.55,25.534,26.55
TARA,2020-08-06,26.18,26.5,25.85,26.23
TARA,2020-08-07,27.0,27.545,26.06,26.32
TARA,2020-08-10,26.0,26.0,24.2,24.82
TARA,2020-08-11,24.56,25.412,24.08,24.19
TARA,2020-08-12,23.63,26.7,21.31,25.41
TARA,2020-08-13,25.0,26.308,23.61,24.61
TARA,2020-08-14,23.74,25.56,23.325,24.0
TARA,2020-08-17,24.38,25.95,24.0,24.59
TARA,2020-08-18,24.28,25.454,23.54,23.64
TARA,2020-08-19,23.54,25.38,22.99,23.78
TARA,2020-08-20,23.23,24.52,23.13,24.52
TARA,2020-08-21,24.12,24.175,23.35,23.99
TARA,2020-08-24,23.31,23.99,22.36,22.9
TARA,2020-08-25,22.94,23.45,22.45,23.2
TARA,2020-08-26,23.03,23.03,22.15,22.15
TARA,2020-08-27,22.03,23.75,21.8,21.85
TARA,2020-08-28,22.29,22.3,21.28,22.05
TARA,2020-08-31,21.41,21.8,20.352,21.4
TARA,2020-09-01,20.76,21.625,20.3,20.51
TARA,2020-09-02,21.067,21.067,19.3,19.78
TARA,2020-09-03,19.918,19.933,19.29,19.64
TARA,2020-09-04,19.53,19.961,18.41,19.72
TARA,2020-09-08,17.01,19.235,17.01,18.52
TARA,2020-09-09,18.331,19.83,17.305,17.76
TARA,2020-09-10,17.7,18.14,17.265,17.6
TARA,2020-09-11,17.52,18.155,17.295,17.35
TARA,2020-09-14,17.69,20.2,17.69,19.41
TARA,2020-09-15,19.99,20.35,19.44,19.44
TARA,2020-09-16,19.86,20.66,19.3,19.46
TARA,2020-09-17,18.544,20.24,18.544,19.5
TARA,2020-09-18,19.84,22.15,18.325,18.33
TARA,2020-09-21,18.05,18.05,15.86,16.87
TARA,2020-09-22,17.71,18.5,16.87,16.87
TARA,2020-09-23,17.68,18.09,16.8,17.01
TARA,2020-09-24,17.11,17.2,16.8,16.95
TARA,2020-09-25,16.82,17.1,16.75,16.94
TARA,2020-09-28,17.72,18.134,16.7,16.76
TARA,2020-09-29,16.77,17.158,16.65,16.89
TARA,2020-09-30,16.905,17.0,16.7,16.83
TARA,2020-10-01,16.87,17.04,16.8,16.97
TARA,2020-10-02,17.1,18.99,16.7,18.28
TARA,2020-10-05,18.93,21.95,18.67,21.47
TARA,2020-10-06,21.15,21.417,18.83,20.58
TARA,2020-10-07,21.24,21.46,20.22,20.22
TARA,2020-10-08,20.59,20.98,19.41,19.57
TARA,2020-10-09,19.47,20.27,19.47,19.83
TARA,2020-10-12,19.7,20.099,18.83,19.06
TARA,2020-10-13,19.38,19.38,18.28,18.85
TARA,2020-10-14,18.89,19.13,18.51,18.83
TARA,2020-10-15,18.62,20.65,18.0,19.77
TARA,2020-10-16,19.99,20.88,19.81,20.08
TARA,2020-10-19,21.93,23.095,21.212,21.57
TARA,2020-10-20,21.33,22.3,20.83,21.14
TARA,2020-10-21,20.92,21.79,19.87,21.31
TARA,2020-10-22,21.29,21.595,21.0,21.41
TARA,2020-10-23,21.62,21.7,20.39,21.48
TARA,2020-10-26,21.17,21.7,20.15,20.34
TARA,2020-10-27,20.57,20.57,18.906,18.94
TARA,2020-10-28,18.94,19.262,17.5,18.07
TARA,2020-10-29,17.95,18.98,17.6,18.66
TARA,2020-10-30,18.51,18.77,16.9,17.94
TARA,2020-11-02,17.95,18.18,17.0,17.84
TARA,2020-11-03,18.05,18.365,17.63,18.19
TARA,2020-11-04,18.52,18.9,18.075,18.5
TARA,2020-11-05,19.198,19.84,18.78,19.06
TARA,2020-11-06,18.98,19.44,18.43,18.96
TARA,2020-11-09,19.21,20.99,18.92,20.42
TARA,2020-11-10,20.66,20.99,19.67,20.47
TARA,2020-11-11,20.26,20.86,20.21,20.55
TARA,2020-11-12,20.41,21.19,20.0,21.0
TARA,2020-11-13,20.9,22.99,20.26,21.48
TARA,2020-11-16,21.88,22.81,21.81,22.68
TARA,2020-11-17,23.82,25.498,23.08,23.71
TARA,2020-11-18,24.19,24.38,20.22,21.74
TARA,2020-11-19,21.84,22.894,21.04,21.74
TARA,2020-11-20,21.64,22.96,21.3,21.82
TARA,2020-11-23,22.49,23.24,21.66,22.75
TARA,2020-11-24,23.04,23.755,22.53,23.4
TARA,2020-11-25,23.62,24.47,23.07,24.42
TARA,2020-11-27,24.93,24.996,22.855,23.2
TARA,2020-11-30,23.13,24.17,23.03,24.05
TARA,2020-12-01,24.58,25.275,22.37,22.45
TARA,2020-12-02,23.38,24.29,21.22,23.11
TARA,2020-12-03,23.2,23.99,22.88,23.36
TARA,2020-12-04,23.35,25.03,23.1,24.67
TARA,2020-12-07,24.62,24.62,22.817,23.46
TARA,2020-12-08,23.41,23.41,21.55,22.98
TARA,2020-12-09,22.93,22.99,21.3,21.95
TARA,2020-12-10,21.47,22.47,21.08,21.96
TARA,2020-12-11,21.93,22.038,21.04,21.05
TARA,2020-12-14,22.105,23.07,21.393,22.17
TARA,2020-12-15,22.33,24.79,22.1,24.6
TARA,2020-12-16,24.74,26.65,24.16,24.64
TARA,2020-12-17,24.65,25.98,24.01,24.77
TARA,2020-12-18,24.89,27.506,24.65,25.34
TARA,2020-12-21,24.21,25.09,23.03,24.68
TARA,2020-12-22,24.75,24.975,22.66,22.99
TARA,2020-12-23,23.24,24.13,22.894,23.91
TARA,2020-12-24,23.85,23.85,23.085,23.19
TARA,2020-12-28,23.35,25.17,22.954,25.13
TARA,2020-12-29,24.97,25.35,24.15,24.43
TARA,2020-12-30,24.3,25.394,24.06,24.15
TARA,2020-12-31,24.08,24.54,23.645,24.21
TARA,2021-01-04,24.21,25.2,23.165,23.86
TARA,2021-01-05,23.65,24.3,23.2,23.31
TARA,2021-01-06,22.87,23.036,21.24,21.51
TARA,2021-01-07,21.55,22.08,21.5,21.85
TARA,2021-01-08,21.93,21.94,20.5,20.94
TARA,2021-01-11,20.97,21.24,20.59,21.16
TARA,2021-01-12,21.705,21.705,20.67,21.13
TARA,2021-01-13,21.095,21.237,20.19,20.7
TARA,2021-01-14,20.93,20.93,19.83,20.14
TARA,2021-01-15,19.96,20.07,19.35,19.41
TARA,2021-01-19,19.74,20.0,19.525,19.82
TARA,2021-01-20,20.0,20.62,19.61,20.02
TARA,2021-01-21,20.05,20.05,19.05,19.11
TARA,2021-01-22,19.11,19.97,18.755,19.95
TARA,2021-01-25,20.03,20.299,19.16,19.5
TARA,2021-01-26,19.5,20.38,19.39,20.27
TARA,2021-01-27,20.1,20.31,19.2,19.57
TARA,2021-01-28,19.63,20.08,18.6,18.88
TARA,2021-01-29,18.97,19.189,17.71,17.98
TARA,2021-02-01,18.2,18.2,17.05,17.83
TARA,2021-02-02,18.2,18.57,17.545,18.49
TARA,2021-02-03,18.44,19.028,18.44,18.74
TARA,2021-02-04,18.54,19.08,18.54,19.0
TARA,2021-02-05,19.1,20.22,18.92,20.21
TARA,2021-02-08,20.21,20.26,19.555,19.95
TARA,2021-02-09,20.0,20.158,19.29,19.63
TARA,2021-02-10,19.94,20.8,19.48,20.4
TARA,2021-02-11,20.73,20.89,19.98,20.37
TARA,2021-02-12,20.37,20.43,19.63,19.97
TARA,2021-02-16,20.42,21.18,20.062,20.88
TARA,2021-02-17,21.75,22.64,21.0,22.44
TARA,2021-02-18,22.4,22.98,21.39,21.63
TARA,2021-02-19,21.75,22.04,21.59,21.81
TARA,2021-02-22,21.9,22.0,20.56,20.7
TARA,2021-02-23,20.39,20.39,16.61,18.01
TARA,2021-02-24,18.02,19.095,17.93,18.04
TARA,2021-02-25,18.13,18.31,17.28,17.61
TARA,2021-02-26,17.43,17.796,16.76,17.2
TARA,2021-03-01,17.45,17.96,17.333,17.49
TARA,2021-03-02,17.885,17.885,16.962,17.24
TARA,2021-03-03,17.18,17.355,15.75,16.05
TARA,2021-03-04,16.01,16.01,12.51,13.75
TARA,2021-03-05,14.07,14.62,13.15,14.275
TARA,2021-03-08,14.38,14.97,13.92,14.05
TARA,2021-03-09,14.685,15.94,13.98,15.62
TARA,2021-03-10,15.61,16.06,15.11,15.94
TARA,2021-03-11,16.27,17.35,15.51,16.96
TARA,2021-03-12,16.1,17.87,16.0,17.82
TARA,2021-03-15,17.9,18.0,16.71,17.17
TARA,2021-03-16,17.21,17.345,16.49,16.82
TARA,2021-03-17,16.065,17.9,16.065,17.6
TARA,2021-03-18,17.37,18.86,16.42,17.5
TARA,2021-03-19,17.58,17.96,17.1,17.2
TARA,2021-03-22,17.665,17.665,16.765,17.01
TARA,2021-03-23,16.96,17.313,16.16,16.78
TARA,2021-03-24,17.265,17.265,16.145,16.31
TARA,2021-03-25,16.16,16.32,14.73,15.03
TARA,2021-03-26,15.22,15.95,14.61,14.89
TARA,2021-03-29,14.76,15.215,13.73,13.75
TARA,2021-03-30,14.705,14.705,13.34,14.1
TARA,2021-03-31,14.2,15.76,14.09,15.74
TARA,2021-04-01,15.69,16.84,15.12,15.57
TARA,2021-04-05,15.9,16.14,15.0,15.67
TARA,2021-04-06,15.81,16.151,15.18,15.18
TARA,2021-04-07,15.715,16.37,14.71,15.11
TARA,2021-04-08,15.12,15.7,14.73,15.45
TARA,2021-04-09,15.35,15.35,14.81,14.95
TARA,2021-04-12,14.95,15.54,14.455,14.9
TARA,2021-04-13,15.39,16.74,15.01,16.6
TARA,2021-04-14,16.99,17.65,16.75,16.99
TARA,2021-04-15,16.99,17.245,15.61,16.04
TARA,2021-04-16,15.95,16.155,15.38,15.82
TARA,2021-04-19,15.62,15.95,14.55,15.3
TARA,2021-04-20,15.18,15.2,14.55,14.79
TARA,2021-04-21,14.67,15.399,14.65,14.94
TARA,2021-04-22,14.93,15.32,14.64,14.94
TARA,2021-04-23,14.22,14.26,12.02,12.19
TARA,2021-04-26,12.31,12.335,11.751,12.09
TARA,2021-04-27,12.19,12.22,11.77,11.83
TARA,2021-04-28,11.83,11.993,11.32,11.47
TARA,2021-04-29,11.57,11.75,11.147,11.39
TARA,2021-04-30,11.4,11.49,11.06,11.19
TARA,2021-05-03,11.08,11.357,10.89,11.16
TARA,2021-05-04,11.1,11.16,10.29,10.41
TARA,2021-05-05,10.5,10.66,10.23,10.37
TARA,2021-05-06,10.31,10.31,9.55,9.78
TARA,2021-05-07,10.0,10.57,9.44,9.83
TARA,2021-05-10,9.83,9.83,8.91,9.02
TARA,2021-05-11,8.88,9.11,8.72,9.03
TARA,2021-05-12,8.98,9.04,8.75,8.79
TARA,2021-05-13,8.92,9.04,8.54,8.68
TARA,2021-05-14,8.74,9.14,8.7,9.01
TARA,2021-05-17,9.06,9.32,8.95,9.31
TARA,2021-05-18,9.37,9.79,9.31,9.5
TARA,2021-05-19,9.41,9.71,9.12,9.19
TARA,2021-05-20,9.22,9.57,9.2,9.39
TARA,2021-05-21,9.49,9.69,9.26,9.3
TARA,2021-05-24,9.4,9.58,9.15,9.22
TARA,2021-05-25,9.19,9.54,9.095,9.1
TARA,2021-05-26,9.09,9.6,9.08,9.42
TARA,2021-05-27,9.41,9.55,9.29,9.4
TARA,2021-05-28,9.37,9.7,9.33,9.48
TARA,2021-06-01,9.53,9.58,9.18,9.37
TARA,2021-06-02,9.43,9.65,9.3,9.4
TARA,2021-06-03,9.41,9.633,9.16,9.26
TARA,2021-06-04,10.01,11.1,9.8,10.19
TARA,2021-06-07,10.23,10.39,9.8,9.92
TARA,2021-06-08,10.05,10.19,9.65,9.87
TARA,2021-06-09,9.97,10.89,9.93,10.51
TARA,2021-06-10,10.41,10.52,10.01,10.07
TARA,2021-06-11,10.04,10.32,9.89,9.96
TARA,2021-06-14,9.98,10.44,9.98,10.38
TARA,2021-06-15,10.67,10.81,10.135,10.49
TARA,2021-06-16,10.59,10.81,10.26,10.75
TARA,2021-06-17,10.84,10.958,10.14,10.54
TARA,2021-06-18,10.44,10.85,10.31,10.35
TARA,2021-06-21,10.4,10.47,9.975,10.14
TARA,2021-06-22,10.07,10.32,9.8,10.17
TARA,2021-06-23,10.18,10.37,9.96,10.16
TARA,2021-06-24,10.21,10.54,10.02,10.5
TARA,2021-06-25,10.43,10.95,10.08,10.23
TARA,2021-06-28,10.33,10.54,9.9,10.03
TARA,2021-06-29,10.03,10.16,9.63,9.83
TARA,2021-06-30,10.125,10.125,9.68,9.74
TARA,2021-07-01,9.77,10.02,9.28,9.3
TARA,2021-07-02,9.3,9.4,9.0,9.12
TARA,2021-07-06,9.06,9.35,8.56,8.61
TARA,2021-07-07,8.58,9.02,8.5,9.0
TARA,2021-07-08,8.8,8.98,8.6,8.8
TARA,2021-07-09,8.81,9.16,8.81,8.99
TARA,2021-07-12,8.96,9.14,8.812,8.97
TARA,2021-07-13,8.94,9.139,8.75,8.83
TARA,2021-07-14,8.76,8.92,8.23,8.42
TARA,2021-07-15,8.42,8.65,8.31,8.48
TARA,2021-07-16,8.57,8.605,8.27,8.27
TARA,2021-07-19,8.17,8.3,8.0,8.3
TARA,2021-07-20,8.22,8.65,8.19,8.55
TARA,2021-07-21,8.62,8.85,8.537,8.74
TARA,2021-07-22,8.78,8.99,8.625,8.73
TARA,2021-07-23,8.77,8.77,8.11,8.38
TARA,2021-07-26,8.33,8.48,7.735,7.82
TARA,2021-07-27,7.82,7.9,7.52,7.75
TARA,2021-07-28,7.86,8.39,7.829,8.17
TARA,2021-07-29,8.17,8.22,8.02,8.05
TARA,2021-07-30,8.02,8.34,7.84,7.93
TARA,2021-08-02,8.05,8.24,7.89,8.23
TARA,2021-08-03,8.26,8.26,7.65,7.8
TARA,2021-08-04,7.86,8.07,7.57,7.58
TARA,2021-08-05,7.68,7.96,7.67,7.75
TARA,2021-08-06,7.88,7.906,7.52,7.52
TARA,2021-08-09,7.52,7.86,7.51,7.78
TARA,2021-08-10,7.74,7.96,7.7,7.7
TARA,2021-08-11,7.79,7.79,7.54,7.67
TARA,2021-08-12,7.64,7.64,7.36,7.56
TARA,2021-08-13,7.5,7.6,6.941,7.03
TARA,2021-08-16,6.99,7.088,6.78,6.85
TARA,2021-08-17,6.79,6.93,6.6,6.61
TARA,2021-08-18,6.59,6.94,6.45,6.6
TARA,2021-08-19,6.57,6.74,6.31,6.38
TARA,2021-08-20,6.43,6.88,6.3,6.82
TARA,2021-08-23,7.075,7.09,6.55,6.68
TARA,2021-08-24,6.65,7.93,6.63,7.74
TARA,2021-08-25,7.6,8.2,7.32,8.2
TARA,2021-08-26,8.06,8.29,7.87,7.93
TARA,2021-08-27,7.97,8.25,7.97,8.13
TARA,2021-08-30,8.21,8.63,7.9,7.96
TARA,2021-08-31,7.96,8.6,7.89,8.39
TARA,2021-09-01,8.34,8.5,8.13,8.19
TARA,2021-09-02,8.19,8.39,7.6,7.7
TARA,2021-09-03,7.68,8.11,7.67,7.9
TARA,2021-09-07,7.89,8.08,7.71,7.84
TARA,2021-09-08,7.85,7.855,7.57,7.66
TARA,2021-09-09,7.701,8.07,7.701,7.94
TARA,2021-09-10,7.9,7.99,7.655,7.68
TARA,2021-09-13,7.67,7.89,7.532,7.61
TARA,2021-09-14,7.56,7.74,7.07,7.11
TARA,2021-09-15,7.07,7.5,7.046,7.1
TARA,2021-09-16,7.04,7.38,6.9,7.26
TARA,2021-09-17,7.24,7.51,7.173,7.24
TARA,2021-09-20,7.15,7.19,6.905,7.0
TARA,2021-09-21,7.0,7.2,6.978,7.03
TARA,2021-09-22,7.0,7.02,6.58,6.62
TARA,2021-09-23,6.75,7.82,6.75,7.31
TARA,2021-09-24,7.3,7.443,6.99,7.24
TARA,2021-09-27,7.18,7.547,7.061,7.35
TARA,2021-09-28,7.35,7.45,7.0,7.21
TARA,2021-09-29,7.2,7.31,6.8,6.85
TARA,2021-09-30,6.93,7.07,6.65,6.92
TARA,2021-10-01,6.89,7.07,6.7,6.95
TARA,2021-10-04,6.87,6.93,6.7,6.71
TARA,2021-10-05,6.72,6.85,6.36,6.46
TARA,2021-10-06,6.37,6.55,6.18,6.4
TARA,2021-10-07,6.53,6.825,6.43,6.71
TARA,2021-10-08,6.76,6.76,6.42,6.46
TARA,2021-10-11,6.54,7.1,6.52,6.75
TARA,2021-10-12,7.769,7.95,7.11,7.55
TARA,2021-10-13,7.28,7.58,6.95,7.39
TARA,2021-10-14,7.34,7.45,7.05,7.16
TARA,2021-10-15,7.28,7.292,6.73,6.84
TARA,2021-10-18,6.75,6.83,6.532,6.73
TARA,2021-10-19,6.65,7.16,6.54,7.11
TARA,2021-10-20,7.03,7.25,6.95,7.15
TARA,2021-10-21,7.14,7.22,6.88,7.05
TARA,2021-10-22,6.98,6.98,6.67,6.71
TARA,2021-10-25,6.77,6.91,6.55,6.81
TARA,2021-10-26,6.82,7.03,6.74,6.77
TARA,2021-10-27,6.71,6.857,6.64,6.81
TARA,2021-10-28,6.83,7.03,6.745,7.01
TARA,2021-10-29,7.0,7.0,6.87,6.92
TARA,2021-11-01,6.9,7.2,6.81,7.02
TARA,2021-11-02,7.01,7.09,6.81,6.95
TARA,2021-11-03,7.0,7.18,6.9,7.04
TARA,2021-11-04,6.92,7.11,6.86,7.02
TARA,2021-11-05,7.1,7.25,7.06,7.14
TARA,2021-11-08,7.29,7.74,7.265,7.57
TARA,2021-11-09,7.6,7.88,7.41,7.76
TARA,2021-11-10,7.8,7.97,7.47,7.53
TARA,2021-11-11,7.52,7.6,7.37,7.39
TARA,2021-11-12,7.37,7.55,7.26,7.34
TARA,2021-11-15,7.36,7.59,7.15,7.15
TARA,2021-11-16,7.16,7.5,7.09,7.27
TARA,2021-11-17,7.19,7.262,6.9,7.01
TARA,2021-11-18,7.02,7.08,6.9,7.02
TARA,2021-11-19,6.97,7.24,6.957,7.2
TARA,2021-11-22,7.35,7.48,6.7,7.07
TARA,2021-11-23,7.04,7.27,6.81,7.15
TARA,2021-11-24,7.08,7.45,6.985,7.39
TARA,2021-11-26,7.16,7.34,6.95,7.08
TARA,2021-11-29,6.905,7.25,6.905,7.0
TARA,2021-11-30,6.92,6.99,6.66,6.89
TARA,2021-12-01,6.96,7.155,6.56,6.56
TARA,2021-12-02,6.66,6.775,6.52,6.57
TARA,2021-12-03,6.58,6.66,6.25,6.29
TARA,2021-12-06,6.29,6.54,6.06,6.42
TARA,2021-12-07,6.52,6.97,6.48,6.75
TARA,2021-12-08,6.76,7.03,6.61,6.87
TARA,2021-12-09,6.79,7.16,6.615,6.95
TARA,2021-12-10,6.94,6.96,6.6,6.79
TARA,2021-12-13,6.71,7.08,6.71,6.95
TARA,2021-12-14,6.88,6.93,6.55,6.56
TARA,2021-12-15,6.52,6.76,6.25,6.56
TARA,2021-12-16,6.54,6.58,6.31,6.53
TARA,2021-12-17,6.42,6.8,6.4,6.67
TARA,2021-12-20,6.53,6.82,6.42,6.72
TARA,2021-12-21,6.87,6.87,6.64,6.73
TARA,2021-12-22,6.73,6.77,6.64,6.71
TARA,2021-12-23,6.67,7.15,6.51,6.9
TARA,2021-12-27,6.675,7.04,6.351,6.49
TARA,2021-12-28,6.63,6.71,6.11,6.37
TARA,2021-12-29,6.51,6.6,5.94,6.15
TARA,2021-12-30,6.21,6.63,6.15,6.54
TARA,2021-12-31,6.5,6.77,6.45,6.75
TARA,2022-01-03,6.79,7.118,6.575,6.9
TARA,2022-01-04,6.99,7.15,6.56,6.69
TARA,2022-01-05,6.63,6.82,6.2,6.28
TARA,2022-01-06,6.31,6.31,6.1,6.2
TARA,2022-01-07,6.29,6.29,6.13,6.27
TARA,2022-01-10,6.24,6.41,6.02,6.27
TARA,2022-01-11,6.21,6.47,6.13,6.4
TARA,2022-01-12,6.39,6.56,6.235,6.42
TARA,2022-01-13,6.37,6.5,6.177,6.32
TARA,2022-01-14,6.23,6.39,6.06,6.37
TARA,2022-01-18,6.25,6.7,6.02,6.12
TARA,2022-01-19,6.1,6.15,5.67,5.93
TARA,2022-01-20,5.97,5.97,5.81,5.83
TARA,2022-01-21,5.83,5.83,5.23,5.27
TARA,2022-01-24,5.14,5.33,4.76,5.22
TARA,2022-01-25,5.1,5.45,4.97,5.17
TARA,2022-01-26,5.29,5.4,5.08,5.12
TARA,2022-01-27,5.19,5.38,4.84,4.92
TARA,2022-01-28,4.86,5.13,4.85,5.05
TARA,2022-01-31,5.03,5.3,5.0,5.21
TARA,2022-02-01,5.33,5.8,5.29,5.64
TARA,2022-02-02,5.6,5.68,5.33,5.45
TARA,2022-02-03,5.33,5.6,5.32,5.34
TARA,2022-02-04,5.38,5.5,5.26,5.49
TARA,2022-02-07,5.47,5.69,5.28,5.48
TARA,2022-02-08,5.44,5.46,4.91,5.0
TARA,2022-02-09,5.07,5.23,4.96,5.1
TARA,2022-02-10,5.06,5.57,5.02,5.38
TARA,2022-02-11,5.35,5.52,5.18,5.18
TARA,2022-02-14,5.2,5.47,5.19,5.27
TARA,2022-02-15,5.37,5.68,5.25,5.25
TARA,2022-02-16,5.245,5.44,5.19,5.32
TARA,2022-02-17,5.295,5.295,4.98,5.02
TARA,2022-02-18,4.99,5.1,4.8,4.895
TARA,2022-02-22,4.93,4.94,4.8,4.85
TARA,2022-02-23,4.895,5.15,4.7,4.7
TARA,2022-02-24,4.51,4.89,4.37,4.84
TARA,2022-02-25,4.84,5.0,4.6,4.61
TARA,2022-02-28,4.63,4.77,4.5,4.63
TARA,2022-03-01,4.71,4.71,4.38,4.5
TARA,2022-03-02,4.67,4.84,4.42,4.8
TARA,2022-03-03,4.77,4.77,4.37,4.46
TARA,2022-03-04,4.55,4.55,4.22,4.33
TARA,2022-03-07,4.29,4.41,4.21,4.25
TARA,2022-03-08,4.27,4.4,4.07,4.19
TARA,2022-03-09,4.245,4.48,4.12,4.32
TARA,2022-03-10,4.36,4.587,4.27,4.52
TARA,2022-03-11,4.59,4.59,4.25,4.25
TARA,2022-03-14,4.26,4.432,4.24,4.25
TARA,2022-03-15,4.6,4.6,4.34,4.47
TARA,2022-03-16,4.51,4.77,4.51,4.63
TARA,2022-03-17,4.68,5.44,4.68,4.99
TARA,2022-03-18,5.02,5.28,4.82,4.95
TARA,2022-03-21,5.02,5.02,4.76,4.99
TARA,2022-03-22,5.02,5.2,4.86,5.14
TARA,2022-03-23,5.1,5.4,5.05,5.4
TARA,2022-03-24,5.4,5.71,5.19,5.6
TARA,2022-03-25,5.5,5.7,5.5,5.56
TARA,2022-03-28,5.66,5.689,5.275,5.39
TARA,2022-03-29,5.37,5.485,5.27,5.28
TARA,2022-03-30,5.34,5.44,5.145,5.15
TARA,2022-03-31,5.3,5.54,5.04,5.11
TARA,2022-04-01,5.21,5.32,5.02,5.02
TARA,2022-04-04,5.14,5.35,5.023,5.33
TARA,2022-04-05,5.09,5.24,5.05,5.13
TARA,2022-04-06,4.88,5.23,4.67,5.17
TARA,2022-04-07,4.94,5.22,4.66,4.88
TARA,2022-04-08,4.75,5.19,4.75,5.19
TARA,2022-04-11,5.14,5.14,4.78,4.87
TARA,2022-04-12,4.86,4.88,4.68,4.68
TARA,2022-04-13,4.68,4.73,4.58,4.63
TARA,2022-04-14,4.625,4.88,4.51,4.58
TARA,2022-04-18,4.62,4.82,4.34,4.36
TARA,2022-04-19,4.5,4.61,4.39,4.525
TARA,2022-04-20,4.77,4.77,4.39,4.5
TARA,2022-04-21,4.59,4.59,4.44,4.495
TARA,2022-04-22,4.56,4.82,4.4,4.42
TARA,2022-04-25,4.47,4.49,4.25,4.31
TARA,2022-04-26,4.25,4.31,4.03,4.03
TARA,2022-04-27,4.03,4.14,3.82,3.87
TARA,2022-04-28,3.9,3.97,3.72,3.77
TARA,2022-04-29,3.75,3.94,3.595,3.66
TARA,2022-05-02,3.59,3.69,3.56,3.6
TARA,2022-05-03,3.75,3.75,3.5,3.51
TARA,2022-05-04,3.49,3.579,3.4,3.45
TARA,2022-05-05,3.42,3.622,3.42,3.42
TARA,2022-05-06,3.42,3.561,3.33,3.33
TARA,2022-05-09,3.34,3.35,3.05,3.08
TARA,2022-05-10,3.14,3.24,2.91,2.91
TARA,2022-05-11,3.01,3.01,2.733,2.8
TARA,2022-05-12,2.76,3.0,2.72,2.8
TARA,2022-05-13,3.025,3.1,2.86,2.89
TARA,2022-05-16,2.89,3.15,2.89,3.12
TARA,2022-05-17,3.12,3.32,3.07,3.18
TARA,2022-05-18,3.16,3.161,3.08,3.08
TARA,2022-05-19,3.08,3.18,3.02,3.11
TARA,2022-05-20,3.06,3.16,3.06,3.07
TARA,2022-05-23,3.109,3.2,3.03,3.14
TARA,2022-05-24,3.21,3.379,3.11,3.14
TARA,2022-05-25,3.272,3.378,3.14,3.21
TARA,2022-05-26,3.245,3.43,3.19,3.31
TARA,2022-05-27,3.403,3.6,3.4,3.49
TARA,2022-05-31,3.41,3.639,3.3,3.34
TARA,2022-06-01,3.299,3.49,3.28,3.48
TARA,2022-06-02,3.44,3.48,3.34,3.36
TARA,2022-06-03,3.33,3.43,3.22,3.24
TARA,2022-06-06,3.3,3.53,3.3,3.47
TARA,2022-06-07,3.43,3.44,3.25,3.35
TARA,2022-06-08,3.493,3.52,3.36,3.5
TARA,2022-06-09,3.38,3.66,3.36,3.62
TARA,2022-06-10,3.55,3.56,3.25,3.27
TARA,2022-06-13,3.25,3.27,3.1,3.1
TARA,2022-06-14,3.175,3.2,3.128,3.14
TARA,2022-06-15,3.14,3.21,3.1,3.12
TARA,2022-06-16,3.12,3.136,3.05,3.06
TARA,2022-06-17,3.06,3.16,3.05,3.12
TARA,2022-06-21,3.22,3.44,3.1,3.16
TARA,2022-06-22,3.181,3.3,3.181,3.25
TARA,2022-06-23,3.23,3.7,3.22,3.32
TARA,2022-06-24,3.27,3.6,3.27,3.4
TARA,2022-06-27,3.33,3.43,3.33,3.33
TARA,2022-06-28,3.483,3.55,3.09,3.11
TARA,2022-06-29,3.08,3.14,2.91,2.98
TARA,2022-06-30,3.1,3.13,2.9,2.93
TARA,2022-07-01,2.89,3.38,2.89,3.22
TARA,2022-07-05,3.16,3.21,2.96,3.13
TARA,2022-07-06,3.33,3.33,3.06,3.25
TARA,2022-07-07,3.47,3.49,3.23,3.39
TARA,2022-07-08,3.3,3.577,3.3,3.4
TARA,2022-07-11,3.42,3.533,3.26,3.4
TARA,2022-07-12,3.32,3.42,3.32,3.39
TARA,2022-07-13,3.4,3.42,3.29,3.293
TARA,2022-07-14,3.24,3.31,3.15,3.15
TARA,2022-07-15,3.314,3.314,3.12,3.13
TARA,2022-07-18,3.201,3.25,3.155,3.18
TARA,2022-07-19,3.17,3.187,3.04,3.04
TARA,2022-07-20,3.096,3.17,3.01,3.07
TARA,2022-07-21,3.1,3.23,3.04,3.23
TARA,2022-07-22,3.25,3.28,3.18,3.27
TARA,2022-07-25,3.25,3.25,3.06,3.11
TARA,2022-07-26,3.1,3.11,3.02,3.06
TARA,2022-07-27,3.08,3.131,3.07,3.09
TARA,2022-07-28,3.05,3.12,3.01,3.03
TARA,2022-07-29,3.05,3.1,2.941,2.99
TARA,2022-08-01,3.01,3.265,3.001,3.13
TARA,2022-08-02,3.07,3.23,3.065,3.23
TARA,2022-08-03,3.315,3.315,3.16,3.19
TARA,2022-08-04,3.234,3.48,3.16,3.33
TARA,2022-08-05,3.293,3.41,3.2,3.2
TARA,2022-08-08,3.18,3.37,3.1,3.29
TARA,2022-08-09,3.29,3.298,3.17,3.2
TARA,2022-08-10,3.3,3.44,3.25,3.44
TARA,2022-08-11,3.5,3.93,3.45,3.465
TARA,2022-08-12,3.55,3.58,3.43,3.51
TARA,2022-08-15,3.44,3.57,3.44,3.47
TARA,2022-08-16,3.6,3.914,3.54,3.63
TARA,2022-08-17,3.63,3.752,3.535,3.57
TARA,2022-08-18,3.54,3.86,3.44,3.67
TARA,2022-08-19,3.77,3.9,3.29,3.3
TARA,2022-08-22,3.31,3.48,3.31,3.345
TARA,2022-08-23,3.332,3.46,3.332,3.39
TARA,2022-08-24,3.366,3.574,3.346,3.56
TARA,2022-08-25,3.52,3.57,3.47,3.52
TARA,2022-08-26,3.5,3.52,3.32,3.38
TARA,2022-08-29,3.37,3.462,3.35,3.44
TARA,2022-08-30,3.39,3.45,3.361,3.43
TARA,2022-08-31,3.4,3.53,3.36,3.45
TARA,2022-09-01,3.46,3.46,3.2,3.26
TARA,2022-09-02,3.29,3.3,3.12,3.23
TARA,2022-09-06,3.21,3.37,3.13,3.34
TARA,2022-09-07,3.29,3.365,3.21,3.31
TARA,2022-09-08,3.37,3.69,3.3,3.53
TARA,2022-09-09,3.6,3.9,3.6,3.82
TARA,2022-09-12,3.78,4.21,3.78,4.19
TARA,2022-09-13,4.29,4.6,4.13,4.27
TARA,2022-09-14,4.22,4.429,3.88,3.97
TARA,2022-09-15,4.03,4.16,3.68,3.86
TARA,2022-09-16,3.78,3.915,3.38,3.66
TARA,2022-09-19,3.65,3.81,3.64,3.77
TARA,2022-09-20,3.7,3.73,3.41,3.54
TARA,2022-09-21,3.6,3.919,3.6,3.67
TARA,2022-09-22,3.71,3.727,3.34,3.41
TARA,2022-09-23,3.44,3.52,3.31,3.4
TARA,2022-09-26,3.45,3.49,3.304,3.385
TARA,2022-09-27,3.5,3.5,3.3,3.43
TARA,2022-09-28,3.4,3.64,3.3,3.57
TARA,2022-09-29,3.59,3.675,3.3,3.33
TARA,2022-09-30,3.3,3.345,2.85,2.96
TARA,2022-10-03,2.99,3.27,2.925,3.2
TARA,2022-10-04,3.21,3.4,3.195,3.36
TARA,2022-10-05,3.36,3.48,3.304,3.44
TARA,2022-10-06,3.48,3.6,3.4,3.6
TARA,2022-10-07,3.545,3.601,3.39,3.4
TARA,2022-10-10,3.452,3.52,3.389,3.44
TARA,2022-10-11,3.47,3.54,3.394,3.4
TARA,2022-10-12,3.36,3.415,3.35,3.35
TARA,2022-10-13,3.33,3.69,3.25,3.65
TARA,2022-10-14,3.46,3.59,3.28,3.32
TARA,2022-10-17,3.3,3.38,3.25,3.25
TARA,2022-10-18,3.34,3.34,3.25,3.25
TARA,2022-10-19,3.25,3.31,3.25,3.25
TARA,2022-10-20,3.25,3.4,3.034,3.25
TARA,2022-10-21,3.26,3.325,3.23,3.23
TARA,2022-10-24,3.23,3.34,3.23,3.28
TARA,2022-10-25,3.25,3.36,3.23,3.23
TARA,2022-10-26,3.27,3.451,3.27,3.36
TARA,2022-10-27,3.34,3.361,3.248,3.28
TARA,2022-10-28,3.291,3.325,3.21,3.21
TARA,2022-10-31,3.143,3.23,2.89,3.07
TARA,2022-11-01,3.12,3.14,2.77,3.09
TARA,2022-11-02,3.05,3.09,2.97,2.97
TARA,2022-11-03,3.02,3.02,2.82,2.94
TARA,2022-11-04,2.85,3.1,2.83,2.84
TARA,2022-11-07,2.89,2.97,2.77,2.81
TARA,2022-11-08,2.8,2.8,2.57,2.59
TARA,2022-11-09,2.53,2.542,2.378,2.43
TARA,2022-11-10,2.47,2.543,2.415,2.49
TARA,2022-11-11,2.48,2.65,2.47,2.61
TARA,2022-11-14,2.61,2.98,2.59,2.93
TARA,2022-11-15,2.93,3.019,2.917,2.96
TARA,2022-11-16,2.975,3.05,2.93,3.04
TARA,2022-11-17,2.94,3.125,2.927,3.12
TARA,2022-11-18,3.13,3.3,3.13,3.3
TARA,2022-11-21,3.43,3.43,3.13,3.21
TARA,2022-11-22,3.24,3.5,3.225,3.47
TARA,2022-11-23,3.47,3.7,3.415,3.7
TARA,2022-11-25,3.72,3.907,3.62,3.62
TARA,2022-11-28,3.72,3.72,3.32,3.385
TARA,2022-11-29,3.521,3.525,3.421,3.45
TARA,2022-11-30,3.58,3.786,3.28,3.53
TARA,2022-12-01,3.771,3.773,3.37,3.43
TARA,2022-12-02,3.41,3.68,3.36,3.66
TARA,2022-12-05,3.58,3.7,3.54,3.63
TARA,2022-12-06,3.512,3.705,3.49,3.66
TARA,2022-12-07,3.59,3.598,3.263,3.43
TARA,2022-12-08,3.53,3.53,3.29,3.35
TARA,2022-12-09,3.3,3.3,2.92,3.08
TARA,2022-12-12,3.07,3.08,2.83,3.06
TARA,2022-12-13,3.125,3.13,3.02,3.12
TARA,2022-12-14,3.0,3.09,2.9,2.98
TARA,2022-12-15,3.0,3.07,3.0,3.07
TARA,2022-12-16,3.0,3.14,3.0,3.05
TARA,2022-12-19,3.0,3.05,2.82,2.92
TARA,2022-12-20,2.88,3.0,2.8,2.85
TARA,2022-12-21,2.95,3.0,2.84,2.86
TARA,2022-12-22,2.88,2.915,2.802,2.87
TARA,2022-12-23,2.817,2.905,2.727,2.77
TARA,2022-12-27,2.8,2.864,2.63,2.735
TARA,2022-12-28,2.712,2.768,2.5,2.56
TARA,2022-12-29,2.51,2.76,2.51,2.76
TARA,2022-12-30,2.67,2.88,2.58,2.68
TARA,2023-01-03,2.64,2.8,2.64,2.8
TARA,2023-01-04,2.989,2.989,2.84,2.88
TARA,2023-01-05,2.95,3.04,2.95,3.04
TARA,2023-01-06,3.04,3.08,2.925,2.99
TARA,2023-01-09,2.95,3.072,2.9,2.99
TARA,2023-01-10,2.99,3.047,2.951,3.0
TARA,2023-01-11,3.032,3.1,3.0,3.06
TARA,2023-01-12,2.96,3.15,2.96,3.14
TARA,2023-01-13,3.18,3.4,3.18,3.36
TARA,2023-01-17,3.24,3.4,3.23,3.3
TARA,2023-01-18,3.38,3.38,3.07,3.1
TARA,2023-01-19,3.13,3.15,3.02,3.024
TARA,2023-01-20,3.1,3.11,2.96,2.96
TARA,2023-01-23,3.095,3.21,3.095,3.15
TARA,2023-01-24,3.2,3.34,3.2,3.274
TARA,2023-01-25,3.275,3.275,3.15,3.236
TARA,2023-01-26,3.27,3.27,3.06,3.16
TARA,2023-01-27,3.2,3.2,2.99,3.1
TARA,2023-01-30,3.139,3.19,3.115,3.14
TARA,2023-01-31,3.205,3.265,3.18,3.265
TARA,2023-02-01,3.27,3.385,3.27,3.33
TARA,2023-02-02,3.35,3.489,3.22,3.489
TARA,2023-02-03,3.45,3.6,3.342,3.37
TARA,2023-02-06,3.37,3.52,3.368,3.471
TARA,2023-02-07,3.42,3.504,3.35,3.4
TARA,2023-02-08,3.46,3.46,3.28,3.34
TARA,2023-02-09,3.459,3.46,3.38,3.38
TARA,2023-02-10,3.37,3.37,3.105,3.3
TARA,2023-02-13,3.21,3.245,3.14,3.14
TARA,2023-02-14,3.224,3.26,3.15,3.2
TARA,2023-02-15,3.32,3.32,3.19,3.21
TARA,2023-02-16,3.395,3.395,3.25,3.26
TARA,2023-02-17,3.27,3.36,3.21,3.24
TARA,2023-02-21,3.19,3.229,3.14,3.14
TARA,2023-02-22,3.175,3.26,2.97,3.01
TARA,2023-02-23,3.0,3.59,2.918,3.55
TARA,2023-02-24,3.19,3.54,3.19,3.38
TARA,2023-02-27,3.5,3.7,3.47,3.61
TARA,2023-02-28,3.55,3.675,3.44,3.53
TARA,2023-03-01,3.6,4.18,3.507,3.91
TARA,2023-03-02,3.8,4.06,3.672,3.89
TARA,2023-03-03,3.62,3.88,3.61,3.87
TARA,2023-03-06,3.81,3.97,3.74,3.82
TARA,2023-03-07,4.06,4.08,3.67,3.79
TARA,2023-03-08,3.68,3.8,3.57,3.72
TARA,2023-03-09,3.7,3.98,3.676,3.7
TARA,2023-03-10,3.7,3.7,3.09,3.26
TARA,2023-03-13,3.25,3.33,2.75,2.76
TARA,2023-03-14,3.06,3.29,3.018,3.14
TARA,2023-03-15,3.17,3.25,3.05,3.07
TARA,2023-03-16,2.98,3.13,2.98,3.12
TARA,2023-03-17,3.15,3.5,3.15,3.48
TARA,2023-03-20,3.316,3.84,3.2,3.54
TARA,2023-03-21,3.62,4.07,3.608,3.71
TARA,2023-03-22,3.956,3.956,3.44,3.545
TARA,2023-03-23,3.525,3.69,3.37,3.608
TARA,2023-03-24,3.507,3.767,3.42,3.5
TARA,2023-03-27,3.511,3.6,3.19,3.31
TARA,2023-03-28,3.38,3.38,3.219,3.26
TARA,2023-03-29,3.33,3.45,3.24,3.35
TARA,2023-03-30,3.45,3.45,2.91,3.085
TARA,2023-03-31,3.13,3.333,3.05,3.13
TARA,2023-04-03,3.13,3.3,2.95,3.15
TARA,2023-04-04,3.15,3.15,3.0,3.01
TARA,2023-04-05,3.0245,3.1,2.97,3.0
TARA,2023-04-06,2.99,3.15,2.97,3.07
TARA,2023-04-10,3.13,3.13,3.04,3.04
TARA,2023-04-11,3.075,3.11,2.96,2.96
TARA,2023-04-12,2.99,3.0277,2.9114,2.9673
TARA,2023-04-13,3.02,3.12,2.9,3.04
TARA,2023-04-14,3.07,3.07,2.9,2.91
TARA,2023-04-17,2.9,3.03,2.88,2.95
TARA,2023-04-18,2.99,3.11,2.9,3.07
TARA,2023-04-19,3.03,3.1,3.0,3.06
TARA,2023-04-20,3.09,3.3,3.04,3.13
TARA,2023-04-21,3.1128,3.61,3.07,3.51
TARA,2023-04-24,3.45,3.63,3.3561,3.59
TARA,2023-04-25,3.59,3.59,2.998,3.12
TARA,2023-04-26,3.09,3.2499,3.09,3.14
TARA,2023-04-27,3.23,3.23,3.1,3.23
TARA,2023-04-28,3.52,3.71,3.04,3.16
TARA,2023-05-01,3.18,3.18,3.01,3.02
TARA,2023-05-02,3.05,3.1698,3.05,3.15
TARA,2023-05-03,3.15,3.25,3.02,3.09
TARA,2023-05-04,3.2422,3.2675,2.9745,3.05
TARA,2023-05-05,3.05,3.15,3.05,3.08
TARA,2023-05-08,3.13,3.19,3.04,3.09
TARA,2023-05-09,3.1,3.14,3.0,3.11
TARA,2023-05-10,3.2,3.32,3.16,3.26
TARA,2023-05-11,3.35,3.5899,3.31,3.385
TARA,2023-05-12,3.53,3.53,3.23,3.27
TARA,2023-05-15,3.52,3.792,3.37,3.37
TARA,2023-05-16,3.39,3.73,3.24,3.49
TARA,2023-05-17,3.468,3.51,3.27,3.36
TARA,2023-05-18,3.31,3.3501,3.0,3.11
TARA,2023-05-19,3.12,3.1899,3.04,3.08
TARA,2023-05-22,3.07,3.1899,3.0,3.0
TARA,2023-05-23,3.06,3.1217,2.94,3.04
TARA,2023-05-24,3.02,3.07,2.95,3.04
TARA,2023-05-25,3.0,3.03,2.95,3.01
TARA,2023-05-26,2.98,3.03,2.93,2.95
TARA,2023-05-30,3.0,3.06,2.81,2.85
TARA,2023-05-31,2.87,2.87,2.71,2.79
TARA,2023-06-01,2.8001,2.9,2.75,2.79
TARA,2023-06-02,2.84,2.99,2.84,2.9
TARA,2023-06-05,2.94,3.035,2.93,2.95
TARA,2023-06-06,2.95,2.95,2.75,2.85
TARA,2023-06-07,2.82,2.9,2.8,2.85
TARA,2023-06-08,2.89,3.07,2.89,3.0
TARA,2023-06-09,2.93,3.03,2.76,2.77
TARA,2023-06-12,2.76,2.9,2.73,2.85
TARA,2023-06-13,2.79,2.98,2.74,2.8
TARA,2023-06-14,2.91,2.9606,2.76,2.81
TARA,2023-06-15,2.76,2.8699,2.76,2.85
TARA,2023-06-16,2.85,2.89,2.72,2.81
TARA,2023-06-20,2.81,2.83,2.62,2.69
TARA,2023-06-21,2.69,2.716,2.53,2.66
TARA,2023-06-22,2.6,2.6526,2.5,2.5901
TARA,2023-06-23,2.601,2.62,2.43,2.52
TARA,2023-06-26,2.54,2.54,2.3,2.42
TARA,2023-06-27,2.43,2.52,2.27,2.39
TARA,2023-06-28,2.44,2.46,2.2,2.27
TARA,2023-06-29,2.28,2.363,2.21,2.3
TARA,2023-06-30,2.3178,2.41,2.22,2.39
TARA,2023-07-03,2.4,2.4699,2.34,2.46
TARA,2023-07-05,2.41,2.48,2.3,2.45
TARA,2023-07-06,2.48,2.48,2.25,2.31
TARA,2023-07-07,2.32,2.371,2.27,2.32
TARA,2023-07-10,2.47,2.5369,2.35,2.47
TARA,2023-07-11,2.5137,2.6,2.39,2.6
TARA,2023-07-12,2.55,2.67,2.5,2.62
TARA,2023-07-13,2.64,2.88,2.57,2.82
TARA,2023-07-14,2.7,2.85,2.7,2.75
TARA,2023-07-17,2.7,2.7,2.525,2.56
TARA,2023-07-18,2.62,2.795,2.56,2.76
TARA,2023-07-19,2.67,2.78,2.6101,2.71
TARA,2023-07-20,2.72,2.78,2.7101,2.75
TARA,2023-07-21,2.715,2.815,2.708,2.75
TARA,2023-07-24,2.75,2.9799,2.75,2.93
TARA,2023-07-25,2.88,2.88,2.77,2.78
TARA,2023-07-26,2.77,2.8611,2.6,2.71
TARA,2023-07-27,2.77,2.85,2.6001,2.65
TARA,2023-07-28,2.74,2.7506,2.56,2.56
TARA,2023-07-31,2.58,2.68,2.56,2.59
TARA,2023-08-01,2.5515,2.61,2.51,2.5101
TARA,2023-08-02,2.51,2.55,2.485,2.51
TARA,2023-08-03,2.52,2.57,2.52,2.54
TARA,2023-08-04,2.5501,2.5501,2.36,2.42
TARA,2023-08-07,2.45,2.48,2.335,2.35
TARA,2023-08-08,2.35,2.45,2.32,2.35
TARA,2023-08-09,2.43,2.4699,2.3274,2.39
TARA,2023-08-10,2.43,2.63,2.32,2.39
TARA,2023-08-11,2.45,2.5,2.22,2.36
TARA,2023-08-14,2.34,2.4,2.3274,2.39
TARA,2023-08-15,2.37,2.3823,2.34,2.37
TARA,2023-08-16,2.335,2.37,2.3302,2.3302
TARA,2023-08-17,2.34,2.35,2.28,2.29
TARA,2023-08-18,2.25,2.41,2.22,2.28
TARA,2023-08-21,2.3632,2.3632,2.24,2.33
TARA,2023-08-22,2.35,2.4088,2.2001,2.21
TARA,2023-08-23,2.27,2.39,2.2,2.2
TARA,2023-08-24,2.25,2.37,2.12,2.17
TARA,2023-08-25,2.16,2.2399,2.16,2.22
TARA,2023-08-28,2.21,2.23,2.17,2.17
TARA,2023-08-29,2.22,2.2299,2.16,2.19
TARA,2023-08-30,2.2,2.27,2.2,2.235
TARA,2023-08-31,2.25,2.25,2.17,2.18
TARA,2023-09-01,2.2,2.215,2.1202,2.18
TARA,2023-09-05,2.17,2.17,2.12,2.14
TARA,2023-09-06,2.16,2.18,2.1155,2.18
TARA,2023-09-07,2.17,2.2,2.14,2.17
TARA,2023-09-08,2.1101,2.2,2.11,2.1491
TARA,2023-09-11,2.13,2.1721,2.1,2.12
TARA,2023-09-12,2.18,2.2,2.12,2.12
TARA,2023-09-13,2.15,2.15,2.12,2.12
TARA,2023-09-14,2.13,2.15,2.06,2.07
TARA,2023-09-15,2.05,2.0606,1.85,1.85
TARA,2023-09-18,1.875,1.9,1.7701,1.79
TARA,2023-09-19,1.82,1.82,1.73,1.73
TARA,2023-09-20,1.78,1.89,1.74,1.81
TARA,2023-09-21,1.79,1.851,1.72,1.83
TARA,2023-09-22,1.84,1.84,1.62,1.72
TARA,2023-09-25,1.75,1.75,1.64,1.64
TARA,2023-09-26,1.67,1.74,1.67,1.7
TARA,2023-09-27,1.73,1.74,1.705,1.71
TARA,2023-09-28,1.71,1.74,1.68,1.68
TARA,2023-09-29,1.6899,1.6899,1.61,1.67
TARA,2023-10-02,1.6,1.68,1.6,1.68
TARA,2023-10-03,1.6756,1.686,1.5,1.59
TARA,2023-10-04,1.6138,1.6449,1.55,1.6449
TARA,2023-10-05,1.6499,1.705,1.5979,1.68
